   2.0000000e+00   5.7545540e-01   1.5005422e+00  -6.4150542e-02  -9.6928447e-01  -1.9967439e+00   1.4144119e-01
   1.0000000e+00  -8.2948015e-01   8.7597005e-01  -9.8527972e-01  -1.0487009e+00   3.6253843e-02   6.8189095e-01
   2.0000000e+00  -2.6046473e-01   1.4935774e-01   3.4239489e-01  -9.0437213e-01  -1.2806688e+00  -7.0783535e-01
   1.0000000e+00  -2.1653662e-01  -2.8847804e-01  -5.4365298e-01  -2.5415641e-01   7.3494547e-01   1.4743655e+00
   2.0000000e+00   9.9529663e-01   5.8453239e-01   4.3519621e-01  -3.9015989e-01  -6.0683779e-01  -1.5197750e-01
   2.0000000e+00   1.2916626e+00  -1.0157663e+00   1.1367490e+00  -8.1083438e-01  -6.4068253e-01  -1.6801407e+00
   2.0000000e+00  -1.0654210e+00  -1.3921606e+00   1.7657257e+00  -1.1045725e+00  -5.7302944e-01  -2.0793907e-01
   2.0000000e+00  -1.0194381e+00  -1.6931218e+00  -1.6748615e-02  -6.9444450e-02  -9.1549628e-01   1.3954436e+00
   2.0000000e+00   1.3138487e-01  -2.9526952e-01   2.4608703e+00   2.1196236e-01  -3.6805385e-01   4.8481097e-01
   2.0000000e+00  -1.2038000e-03  -8.4449479e-01   1.8079725e+00  -1.7908484e-01   1.0879061e+00  -1.8214096e+00
   2.0000000e+00   2.0219423e-01   1.2027360e+00  -8.4641888e-01  -1.8441057e+00   7.5929629e-01   1.7781747e+00
   2.0000000e+00  -1.0525190e+00  -1.6890500e-01   1.6672207e+00  -1.6470432e+00   1.0497543e-01   5.6915545e-01
   2.0000000e+00  -1.3452304e+00   8.3210820e-01   4.8733123e-01   4.1213931e-01  -2.5957994e-01   8.3248117e-02
   2.0000000e+00  -7.9278989e-02  -2.2296251e+00  -9.1846530e-01  -3.6567845e-01  -3.1113821e+00  -2.6362752e-02
   2.0000000e+00   1.2416265e+00  -6.2647213e-01   1.2705401e+00  -1.1208004e+00  -6.2735536e-01  -2.0138053e-01
   2.0000000e+00   6.3567115e-01  -9.5545263e-01   9.4920410e-01   2.3982903e+00   3.5194973e-01  -2.4559744e-01
   1.0000000e+00  -1.1878394e-01   8.0160437e-01   5.9084601e-01   1.0976013e+00   4.1168205e-01  -1.0126464e+00
   1.0000000e+00  -3.8456210e-01   4.9347233e-01   1.0547963e-01   6.2791930e-01   3.0163214e-01   1.1618800e+00
   2.0000000e+00  -1.1263222e+00   2.8890319e+00  -1.0748194e+00  -1.6690154e-02  -1.0691416e+00  -9.5130395e-02
   2.0000000e+00   9.0383371e-01   1.9846412e+00   2.4078590e+00  -1.4241685e-01  -9.6047148e-02   1.0036890e+00
   2.0000000e+00   8.5881799e-01   1.4732473e+00   1.2941860e+00   2.0988228e+00  -7.2517210e-01   6.2423482e-01
   2.0000000e+00  -1.6623214e-01  -4.1145440e-01   1.7014524e+00  -9.2849932e-01   1.2022217e+00   1.1757505e-01
   2.0000000e+00   3.8942096e-01  -2.7134556e+00   4.9085714e-01   8.3305345e-01   1.3927531e+00   4.3962824e-01
   1.0000000e+00   2.7396943e-01   5.8967586e-01  -4.0774219e-01   5.2447249e-01   8.8634140e-01  -8.9834697e-01
   2.0000000e+00   9.3150310e-01  -6.6298090e-02   1.1909916e+00   6.0884248e-01  -1.3528130e-01   5.2463925e-01
   2.0000000e+00   1.6483895e+00  -2.8514956e-01  -1.3801225e+00  -8.6829511e-02   6.4054173e-01   1.6645702e+00
   2.0000000e+00  -1.7665450e+00   1.6934824e+00   4.5844407e-01   1.8033795e+00  -8.8350902e-01   1.2322841e+00
   2.0000000e+00  -3.0843480e-01  -3.0528759e+00  -7.2270989e-01   1.0929377e+00   1.4015558e+00   3.3844915e-01
   1.0000000e+00  -8.0881759e-02  -5.0285706e-01   3.0503790e-02  -1.5260860e+00   7.7263637e-01   4.8999486e-01
   2.0000000e+00  -1.2815926e+00  -2.0731144e+00   6.6631551e-01   3.1661708e-01  -3.8583698e-01  -1.7885788e-02
   2.0000000e+00  -2.9144528e-01  -1.2730868e+00   9.3272890e-01   5.8070573e-01   6.3186367e-01  -9.8503997e-01
   2.0000000e+00   8.1624868e-01   4.0675325e-01  -3.5188543e-01  -1.7389370e-01  -7.0975845e-02  -7.0606295e-01
   1.0000000e+00  -7.6055019e-01   1.0016520e+00  -2.9670011e-01   1.8872170e-01   6.0482616e-01  -8.8369481e-01
   2.0000000e+00  -2.1092229e+00  -2.9812281e-01  -2.5151477e+00   1.3042173e+00  -6.9647835e-01  -4.6418995e-01
   2.0000000e+00  -1.0233038e+00  -8.3469490e-01  -1.4740716e+00   2.2421373e-01   2.4497686e-01   1.0090242e+00
   2.0000000e+00   2.8861036e-01   1.6493271e+00   2.0699174e+00   1.7001948e+00  -6.8153889e-01   1.0690586e+00
   2.0000000e+00  -7.6500362e-01   4.6649228e-01   3.5638414e-01  -9.0482551e-01  -1.3379844e+00   1.3855139e+00
   2.0000000e+00   9.5127646e-01   9.3053051e-01   5.5536770e-01  -4.6082487e-01  -6.8595119e-01   6.1120807e-01
   2.0000000e+00  -5.5997452e-01   1.1099870e+00  -1.2695886e+00  -2.6365403e-01  -4.8642417e-01   1.2149299e+00
   1.0000000e+00   2.3227359e-01   1.3409435e+00  -4.0672260e-01   4.7292176e-01   7.5853605e-01  -1.9264990e+00
   2.0000000e+00  -5.9858673e-01   2.5729334e+00  -2.0204179e+00   4.1291720e-01  -1.0710834e+00   6.6857769e-02
   2.0000000e+00   6.3413170e-01   7.5233055e-01  -1.6021090e+00   9.3869070e-01   6.2649900e-01  -2.6289853e+00
   2.0000000e+00  -1.6455747e+00   7.0797593e-01  -1.5399960e+00   6.0346384e-01  -9.1824835e-01   1.2094270e+00
   2.0000000e+00   1.6476934e+00   3.6913187e-01  -1.9104904e+00   3.2322895e-01   1.0564986e+00  -6.6203576e-01
   2.0000000e+00  -2.1946822e-01   5.9675112e-01  -1.3973177e+00   6.9979377e-01   8.6365517e-02   1.0324204e+00
   2.0000000e+00  -1.3843862e-01  -1.9996841e-02  -1.2509676e+00   1.3404778e+00  -1.4459763e-01   8.8297802e-01
   2.0000000e+00  -1.4308814e+00   8.5953981e-03  -7.9457666e-01   8.1260591e-01  -1.2030209e+00  -4.4722854e-01
   2.0000000e+00  -1.6345002e-03   2.4475943e-01   1.2260360e+00  -1.6328561e+00  -1.1419309e+00  -8.5874696e-01
   2.0000000e+00  -7.0544055e-02  -2.2756522e+00   1.9994138e+00  -8.7672003e-01  -2.2088364e-01  -3.0816815e-01
   2.0000000e+00  -1.2097457e+00   1.2096802e+00  -7.9197382e-01  -1.9275592e+00   1.2708369e+00  -2.0916167e-01
   1.0000000e+00   5.9862123e-01   6.9998986e-01   2.9256117e-01   1.8855027e+00   5.8332394e-02   1.3522540e-01
   2.0000000e+00   2.0194693e+00   3.1359737e-01  -1.6533786e-01  -3.3660132e-01  -1.0115563e+00  -2.6758308e-01
   2.0000000e+00   1.1948856e+00   8.2206869e-01  -1.1797356e+00  -8.3635572e-02   8.9082375e-01   4.4470428e-01
   2.0000000e+00  -6.3161812e-02  -5.4588352e-01  -1.0258157e+00  -1.7755256e+00  -1.0450404e-01  -1.0855697e+00
   2.0000000e+00   5.5974371e-01  -9.6681027e-01  -1.8825834e+00  -7.7332266e-01   8.6889766e-01  -1.2220274e-01
   2.0000000e+00   2.1500148e-01   6.0270575e-01   8.7634851e-01   9.4729705e-01  -5.5525097e-01  -3.5551541e-01
   1.0000000e+00   4.2203862e-01   1.1538140e+00  -3.0989962e-02  -1.0769035e+00   1.8948276e-01  -1.7269634e-01
   2.0000000e+00  -2.0716303e+00   5.7567969e-01   1.0754817e+00   1.7488224e+00  -1.4060890e+00  -6.6392022e-01
   2.0000000e+00  -9.0964451e-01  -2.9767919e-01  -7.5025723e-01  -1.4861597e+00  -8.2712269e-01  -5.2882004e-01
   1.0000000e+00  -2.8527502e-01  -1.5260615e+00  -4.0780964e-01  -1.2404675e+00   6.9662379e-01   1.7175863e-01
   1.0000000e+00   6.3634874e-01   9.2286524e-01   5.3203994e-01   4.2993501e-01   5.3305846e-01   3.2868376e-01
   2.0000000e+00   3.6623325e-01   5.8898058e-01  -1.9126230e-02  -1.5216025e+00   1.1975261e+00   6.7890570e-01
   2.0000000e+00  -1.0243679e-01   1.3635026e+00   1.4391408e+00  -2.4718944e+00   5.0615401e-01  -1.7825243e-01
   1.0000000e+00  -2.1672384e+00   5.2944814e-01  -8.7015218e-01   4.9963177e-01   1.7969161e-01   6.5454993e-01
   2.0000000e+00  -1.4302718e+00  -3.8091083e-01   1.4877474e+00  -1.1992082e+00   7.2958670e-01   4.1366629e-01
   1.0000000e+00   1.3435930e+00   4.7910413e-01  -3.3286491e-01  -5.0423947e-01   7.9850398e-01  -4.2537964e-01
   2.0000000e+00   1.3804724e-01   2.3098045e-01  -1.4534087e-01  -4.8553531e-01   1.1297469e+00  -4.7684844e-01
   2.0000000e+00   1.7499128e-02  -1.4222204e+00  -4.5134941e-01   1.2388922e+00   1.5823421e+00   6.9766303e-01
   1.0000000e+00  -3.3849541e-01  -3.9390964e-01  -5.4074676e-01   1.5304163e-01   7.5634719e-01  -2.2989603e+00
   2.0000000e+00   2.9153450e+00  -6.2850763e-01   1.6821651e+00   5.6579854e-02  -1.5420169e-01   1.1737954e+00
   2.0000000e+00  -6.8693469e-01  -5.1178061e-01  -8.0177950e-01   1.8297337e-01  -1.3274774e+00   6.5538533e-01
   2.0000000e+00  -1.4236379e-01  -2.7057728e-01   1.2839513e+00  -2.0530325e+00  -6.6248839e-01  -1.1907396e+00
   2.0000000e+00   5.3876181e-01  -9.3410904e-01  -1.4037974e-01  -6.1279161e-01  -8.2086943e-01   2.0384777e+00
   2.0000000e+00   1.3282234e+00   2.4480795e-01  -6.8733430e-02   6.4905247e-02  -5.6330301e-01  -6.9498204e-02
   2.0000000e+00  -1.3104018e-01   3.3088914e-01   1.4710030e-01  -3.7826622e-01   1.4650626e+00   1.1148939e+00
   2.0000000e+00   9.7013225e-01  -4.2251544e-01  -7.3850891e-02  -7.0221153e-01  -9.1838533e-01   2.9185381e+00
   2.0000000e+00   9.9857124e-01  -4.1229293e-01  -1.3276376e+00   1.1469332e-01   6.6853158e-01  -7.0972175e-01
   2.0000000e+00   2.6285052e-01   1.8621545e+00  -9.9916773e-01  -2.5256294e+00  -1.4843262e+00   1.5097508e-01
   2.0000000e+00  -1.3183349e+00   1.4064748e+00   4.3502499e-01  -2.0978383e+00  -3.0161892e-01  -3.0059727e+00
   2.0000000e+00   8.0647026e-01  -1.0813430e+00  -2.8060221e-01  -2.3303790e-01  -8.3296799e-02  -1.0620946e+00
   2.0000000e+00   1.0434415e-01   6.0636373e-01   1.8367699e-01  -1.7769720e+00  -5.6251841e-01  -5.6954499e-01
   2.0000000e+00   1.5567019e+00  -4.7759091e-01   6.7599173e-01  -6.1619727e-01   1.0134178e+00   9.6219072e-01
   2.0000000e+00  -8.4178586e-01  -3.7941816e-01   1.4832156e-01  -5.0082599e-01  -3.3298915e-01  -5.3029366e-01
   2.0000000e+00  -3.4837322e-03  -7.4906997e-01  -4.3473268e-01  -3.4388210e-01   1.2385745e+00   1.7376362e-01
   2.0000000e+00  -5.0506339e-01  -1.4850859e+00  -8.3362376e-02   2.8010060e-01  -6.6633797e-01  -2.4437471e-01
   2.0000000e+00  -1.8451229e+00   1.1905076e+00   1.3618028e+00   7.0789224e-02  -1.1875228e+00   7.1116814e-01
   1.0000000e+00  -1.0525271e+00  -1.9303139e+00   6.7448146e-01   8.0285301e-01   6.0702553e-01   2.6785209e+00
   2.0000000e+00  -1.9628364e+00  -1.2291323e-01   8.0319162e-01  -1.6090164e-01   1.8944202e+00  -1.0264082e-01
   2.0000000e+00   1.6968672e+00   2.2575685e-01   9.0500045e-01   1.0865721e+00   1.3383548e+00  -9.0685066e-01
   2.0000000e+00   2.4264373e-01  -1.6586112e+00   9.5601384e-01   8.1798113e-01   1.0753391e+00  -5.3900889e-01
   2.0000000e+00   6.0269731e-01   8.4435837e-01  -7.6870593e-01   2.1641969e-01   6.4891251e-01  -5.3442994e-01
   2.0000000e+00   2.0677181e-01   1.9534632e-01   2.4913242e+00   1.9377398e+00   1.6838851e+00  -6.2122657e-01
   2.0000000e+00   1.1232577e+00  -1.8120413e-01  -1.5386936e-01  -9.8794738e-02   1.3734457e+00   2.1259234e+00
   2.0000000e+00   1.5197555e+00  -5.1518293e-01   4.1459462e-02   4.9405655e-01  -3.1516537e-01   1.8859906e-02
   2.0000000e+00  -4.0614530e-01  -2.9578347e-01  -1.5048899e+00   1.1547898e-01   1.4350882e-01   1.0470589e-01
   2.0000000e+00  -9.6616622e-01   6.4384475e-01   1.0850124e+00   1.3181348e+00  -8.8312345e-01  -8.5503051e-01
   2.0000000e+00   1.1088181e+00  -1.8825410e+00   5.7204918e-01  -1.2981214e+00  -1.5294067e-01  -5.4855850e-01
   1.0000000e+00   2.2532815e+00   4.6140878e-01   1.9192942e-01  -8.9931393e-01   7.9241879e-01   7.5857401e-01
   1.0000000e+00  -2.1988394e-01  -1.4320158e+00   6.1832651e-01  -3.1246738e-01   4.0794279e-01   8.6163798e-02
   2.0000000e+00  -7.6108310e-01  -1.0697638e-01   8.6576640e-01  -1.3241896e-01  -1.0159025e+00   8.1594416e-01
   2.0000000e+00   3.3448177e-01   1.1140628e+00   3.5852364e-01  -1.8628818e-01   1.2524802e+00   8.7385670e-02
   2.0000000e+00  -9.4411190e-01   1.0382575e+00  -2.5292043e+00  -4.9272287e-01   1.0048408e+00  -5.6140428e-01
   2.0000000e+00  -7.7986630e-01  -8.9085937e-01  -1.0762737e-01  -8.5362121e-01   1.1753365e+00   1.5339769e+00
   1.0000000e+00   6.7844785e-01   3.0692158e-01  -1.6597450e-01  -1.5273849e+00   3.1657780e-01   1.3890517e-01
   2.0000000e+00  -2.1996474e-01  -1.2781398e+00   4.3537085e-01  -1.6221402e+00   9.7147829e-01   2.6721630e+00
   1.0000000e+00   5.2864800e-01  -7.0951197e-02  -3.0074284e-01   7.8021450e-01   5.1296908e-01   1.1033750e+00
   2.0000000e+00  -5.0380723e-01   1.2712536e+00   1.4459471e-01  -2.0929894e+00   5.5086777e-01  -1.4554021e+00
   2.0000000e+00   5.8741882e-01  -1.8636018e+00   9.6596677e-02   3.0699345e-01  -6.2630370e-02  -1.1315419e+00
   2.0000000e+00   3.4405039e-01   1.7429525e+00  -1.7469987e-01   6.8069469e-02  -3.6860815e-01  -9.6219335e-01
   2.0000000e+00   5.1955364e-01   7.2671571e-01   6.7510373e-01   4.6237190e-01  -1.3654842e+00  -3.8310340e-01
   2.0000000e+00   1.1771975e+00  -1.3272840e+00   8.4941118e-02  -1.0728868e+00  -1.2239407e-01   5.1543408e-03
   2.0000000e+00   8.7521628e-01   1.7800341e+00   8.7750503e-01   2.4006465e-01  -6.4828906e-01   7.3260110e-01
   2.0000000e+00  -1.5440495e+00   6.4987019e-01  -5.9469082e-01   7.2115680e-03  -7.3024521e-01   1.4854266e+00
   2.0000000e+00   1.8288448e+00   9.0242833e-01   1.5896471e+00   8.2332927e-01  -3.5912151e-01   1.9793756e-01
   1.0000000e+00  -1.2453374e+00   3.0364259e-01  -8.5259748e-01  -6.0492698e-01   4.1388524e-01   7.8721517e-02
   2.0000000e+00  -1.7680161e+00  -4.4153907e-02  -2.8857658e-01   1.8606442e+00  -1.3703907e+00  -8.1401157e-01
   2.0000000e+00   9.5916498e-01   1.1639628e+00  -1.4839392e+00   1.0702114e+00   1.8129030e-01   1.4265983e-01
   2.0000000e+00  -7.8267374e-01  -1.1468061e+00  -6.4682438e-01   1.8689494e-01  -3.2049718e-01   2.7849164e-01
   2.0000000e+00  -1.8993805e+00  -1.7075536e+00   1.2651552e+00   2.8362783e-02  -1.7305027e+00   4.2040747e-01
   2.0000000e+00  -4.3281035e-02  -1.9748947e-01   4.7322598e-01  -9.4667424e-01  -2.4451942e+00   1.4189933e+00
   2.0000000e+00   1.8434865e+00  -4.5874796e-02  -9.5585595e-01   6.0799243e-01   8.9423546e-01  -1.1470925e+00
   2.0000000e+00   8.9775368e-01  -1.0010385e+00   5.0604356e-01   5.4580857e-01  -4.3905421e-01   5.5349537e-01
   1.0000000e+00   6.9499801e-01   2.2688069e-01  -7.2019438e-01   8.5181523e-01   6.6221070e-01  -1.3944275e+00
   2.0000000e+00  -1.0705170e+00   6.9851266e-01  -2.1102951e+00  -1.7913733e-02   2.7585502e-01   1.2580425e+00
   2.0000000e+00  -8.0791956e-01   9.6544045e-01  -5.4138802e-01   9.0761025e-01  -5.5137107e-01   2.6407289e+00
   2.0000000e+00   9.2459777e-01   1.3140925e+00   1.9891918e+00  -6.0830622e-01   8.2053763e-01   9.6843227e-01
   1.0000000e+00   1.3292460e+00  -1.6566112e-01   2.1541256e-01  -1.5619805e+00   8.1865888e-01  -1.2800191e+00
   2.0000000e+00   1.1161258e+00  -4.6646403e-01  -1.9819061e+00  -1.0190169e+00   1.5978971e-01   1.4731027e-01
   2.0000000e+00   5.5772359e-01  -1.4083637e-01   7.1173398e-01   1.4791723e+00   9.9362458e-01  -4.0346411e-01
   2.0000000e+00  -1.0223957e+00  -4.1449345e-01   1.9608741e+00   6.4601416e-01   3.8030201e-01  -1.3492744e+00
   1.0000000e+00  -1.8541531e-01  -8.5291447e-02  -4.1661656e-02  -1.2484643e+00   7.3987026e-01  -9.2548105e-01
   2.0000000e+00   1.2346408e+00   1.0180422e+00  -1.5007239e-01  -2.4666853e-01  -1.1565714e+00  -1.9607906e+00
   2.0000000e+00   1.4159910e+00  -8.8556020e-02   6.0624491e-01   3.3781613e-01   1.0748184e+00  -6.4701634e-01
   2.0000000e+00   4.0442777e-01  -2.6912634e-03  -8.3195901e-01  -2.6844697e-01  -1.7422441e+00   1.0968876e+00
   2.0000000e+00   1.1399499e-01  -1.4240030e+00   3.0950824e-01   1.5739720e+00  -4.8881776e-01   3.7842465e-01
   2.0000000e+00   3.5141198e-01  -9.1996500e-01   2.5553044e+00  -4.9934544e-02   6.1150659e-01  -2.4764289e+00
   2.0000000e+00  -4.6849077e-01   1.9581902e+00  -8.7965808e-01  -3.1902485e-01  -4.5994612e-01   1.1599691e+00
   1.0000000e+00   8.6608792e-01  -4.5269472e-01   7.4854464e-02  -5.5856236e-01   4.6590402e-01   8.9694385e-01
   1.0000000e+00   2.3563688e-01  -2.2467498e+00   4.1819442e-01  -4.3911936e-01   5.6665860e-01  -1.2176724e+00
   2.0000000e+00   4.8197878e-01  -2.4478289e-01   4.4742865e-01  -1.1553084e-01  -6.3349860e-01  -7.1375815e-01
   2.0000000e+00  -1.3877921e-01  -1.2233457e+00   8.7793687e-01  -2.0438550e+00   7.8230795e-01   3.6139728e-01
   1.0000000e+00   3.3029412e-01  -7.3665783e-01  -2.0782911e-01   8.6554673e-01   2.6647875e-01  -1.3505258e+00
   1.0000000e+00  -6.0974770e-01   4.5612893e-01  -7.4789440e-01  -1.6749810e-01   4.3244836e-02  -1.0766545e+00
   1.0000000e+00   1.6248130e+00   1.4031737e+00  -6.3207439e-02   1.6443519e+00   9.2904456e-01  -1.0371679e+00
   2.0000000e+00  -2.6876484e-01   1.1844029e+00  -1.9370325e+00   1.1334502e+00  -1.8060847e-01   5.0799460e-01
   2.0000000e+00   7.1945123e-01  -1.6980611e+00  -2.1898802e-01  -1.1633947e+00  -1.0147575e+00   5.6474545e-02
   2.0000000e+00  -1.9433802e+00   1.7556123e+00   2.2318618e+00   5.6195571e-01   6.0821165e-01  -6.4179753e-01
   1.0000000e+00   1.0083910e+00  -1.6619224e+00  -5.6434247e-01  -1.0713314e+00   7.3746144e-01  -1.1770308e+00
   2.0000000e+00  -3.5634750e-01   1.7207524e+00   3.7089110e-01  -1.0382431e+00  -7.9095222e-01  -3.4645901e-01
   2.0000000e+00   6.3336075e-01  -8.9145738e-01   5.1764755e-01  -3.5997110e-01   1.4554401e+00  -9.4555703e-01
   2.0000000e+00  -4.1595132e-01  -2.5264038e-01   4.0798842e-01  -1.4658957e+00  -1.1193664e+00   1.3889655e+00
   2.0000000e+00   6.9558371e-01   2.6869682e+00   7.8779190e-02  -1.1404976e+00  -8.6273317e-01  -1.9665020e+00
   1.0000000e+00  -5.2294893e-01   6.2371841e-01  -6.4814296e-01   1.4846351e-01   5.3634782e-01  -6.2860386e-01
   2.0000000e+00  -4.2020575e-01   1.8775344e+00   3.6616463e-01  -1.2967265e+00  -2.1668658e+00  -1.3577778e+00
   2.0000000e+00  -9.5681584e-01   2.6958646e-01   2.5522091e-01  -1.5870073e+00  -1.3281392e+00   1.3027584e+00
   2.0000000e+00  -1.4952893e+00   2.4458825e+00   1.7487267e-01   1.4176433e+00  -3.8530050e-01   7.0245358e-01
   2.0000000e+00   4.3614500e-01   2.4512987e-01   6.2325524e-01   1.0392455e+00   1.1776973e+00  -8.4513774e-01
   2.0000000e+00   1.1196578e+00  -3.4136931e-01  -1.7013550e-01   1.1342050e+00   1.3876263e+00  -4.2320205e-01
   2.0000000e+00   1.6831509e-01  -2.1345966e+00  -1.1924502e+00   5.2777097e-01  -8.3159653e-01   4.5849828e-01
   2.0000000e+00  -6.5017989e-01   1.3318091e+00  -7.7028586e-01  -7.0741375e-02  -6.7382125e-01   2.4491037e-01
   1.0000000e+00  -1.1401968e+00   5.0027958e-01   7.1317015e-01   1.3204856e+00   3.8005810e-01  -2.7339577e+00
   2.0000000e+00  -9.7121141e-01  -2.4796347e-01   1.0504404e+00   1.6701900e+00   9.6433417e-01  -1.9945890e+00
   2.0000000e+00   1.7920707e+00   1.7015712e+00  -6.3568523e-01  -5.1711322e-01   2.5696013e+00  -5.1112661e-01
   2.0000000e+00   1.0843040e-01   1.7245307e+00  -1.3500596e+00   2.0304408e+00   3.3719240e-01   1.1782731e+00
   2.0000000e+00  -1.0753746e+00  -9.9039490e-01  -1.0330074e+00  -1.6658061e+00   8.0784677e-01   4.3920248e-01
   2.0000000e+00  -1.1145431e+00  -2.9582811e-01   1.0312234e+00  -1.5947434e+00  -4.2624510e-01  -1.0371244e+00
   2.0000000e+00  -7.3902032e-01  -1.3097497e+00   9.3709474e-01  -5.8484153e-01  -9.8877596e-01   5.8981747e-01
   1.0000000e+00  -2.1035790e-01   9.4677301e-01   8.0312712e-01  -5.2223437e-01   1.3233659e-01  -6.9195439e-01
   2.0000000e+00   2.0430438e+00  -2.7383693e-01   9.9304344e-01   5.1035536e-01   2.6438710e-01  -1.1803375e+00
   2.0000000e+00   5.0995314e-02   3.5000440e-01  -2.9102506e-02   7.1611429e-01  -8.0473306e-01   9.0996085e-02
   2.0000000e+00  -1.2417222e+00  -4.5099830e-01   1.6131075e-01  -7.1018342e-01   1.1733493e+00  -4.3297125e-01
   2.0000000e+00  -7.2082453e-01   9.3015933e-01   7.3409326e-01   9.5112051e-01   1.4199498e+00  -1.7413546e-01
   2.0000000e+00  -9.8142155e-01   2.4467244e-01   9.4167540e-01   6.9797651e-01   4.0278305e-01  -9.7902984e-01
   2.0000000e+00   1.3615246e+00   3.7984443e-01   2.6037131e+00  -1.4538099e+00   1.3793755e+00   1.0875074e-02
   2.0000000e+00   2.0354990e+00   1.3243017e+00  -9.8319581e-01   5.8549588e-01  -5.3190912e-01  -7.2787601e-01
   2.0000000e+00   1.5637746e+00  -1.6034640e-01   1.1470338e-01   1.0772378e+00  -1.3430390e+00  -1.0833389e+00
   2.0000000e+00  -3.3550140e-01  -2.2662823e+00   4.4900541e-01  -1.0182615e+00  -1.2890921e+00   9.5679916e-01
   2.0000000e+00   1.2277799e+00   9.3046864e-01  -1.1811384e+00  -5.5332727e-01   4.0671979e-01  -1.1138633e-02
   2.0000000e+00  -3.5126458e-02   4.6879237e-01  -1.5147128e+00   9.9870995e-01  -3.4595587e-01  -1.2675527e+00
   2.0000000e+00  -1.2119138e-01   5.1928879e-01   1.6636561e-01   2.1957958e+00   4.4592318e-01   1.3450262e+00
   2.0000000e+00  -1.0793063e+00   5.3642289e-01  -7.2021238e-01  -3.4696651e-01   1.0806492e+00  -7.8593807e-01
   1.0000000e+00  -2.3875061e-01   8.2740168e-01  -7.6074353e-05  -3.2420346e-01   5.4122505e-01   9.3500440e-02
   2.0000000e+00  -7.7292534e-01   1.2195680e+00  -9.7390243e-01   5.2937617e-01   6.0488517e-01  -1.1226361e+00
   2.0000000e+00  -2.2342569e-01   1.0785078e-01  -9.9567897e-02  -2.5750600e-01  -1.6970340e+00   1.9587050e+00
   2.0000000e+00  -6.2907779e-01  -6.8918081e-01   1.0344031e-01  -8.6034626e-01  -5.2518963e-01   1.9587724e+00
   2.0000000e+00  -3.2695152e-01   1.2869712e+00  -2.2655498e+00  -1.2489737e+00  -2.2392087e-01  -1.9010409e-02
   2.0000000e+00  -1.5754350e+00  -4.3814058e-01   7.7475544e-01  -1.6591715e+00   1.5451891e+00  -7.1946254e-01
   2.0000000e+00   5.4153802e-01  -9.0359021e-01  -2.0586867e+00   1.8749013e+00   1.8886215e-01   9.8611167e-01
   2.0000000e+00  -1.2718197e+00   8.9327689e-01   2.6078839e-01   4.1247902e-01  -1.5734609e+00   3.5319722e-01
   2.0000000e+00   3.4682392e-01   9.8926344e-01   2.2192226e-02   3.1507633e-01   1.6438116e+00  -7.9004753e-02
   1.0000000e+00  -6.1524860e-01  -4.9375235e-01   2.3679869e-01   3.3741260e-01   4.9526448e-01   1.6123745e+00
   2.0000000e+00  -8.3818393e-01   1.1085127e+00   1.5572384e+00  -7.9565778e-01   1.5755920e-02   1.2130076e+00
   2.0000000e+00  -1.8481410e+00   3.1397743e-01  -1.5741818e+00   5.3461118e-01  -4.8318619e-01   1.7425189e-01
   2.0000000e+00  -2.9712279e-01   1.8984340e+00  -7.0216493e-01   1.1919352e+00   1.2108692e+00   6.0781279e-01
   2.0000000e+00   9.2328461e-01   9.9482174e-03  -7.7898991e-01  -1.6283414e+00  -8.4431341e-01  -1.6284935e-02
   2.0000000e+00   1.6867230e+00  -2.4166537e-02   1.5847471e+00   3.6270824e-01   2.1916780e+00   3.8909723e-01
   2.0000000e+00   5.4728745e-01   7.4987903e-02   1.3448152e+00   1.6535835e-01  -1.8183736e-01   8.0724965e-01
   2.0000000e+00  -1.2643712e+00   2.2165658e+00   7.2315002e-01   3.0117881e-01  -9.7141771e-01   1.1559843e+00
   2.0000000e+00  -2.0959144e-01  -4.7985882e-01  -1.5913109e+00  -1.0721780e-02  -1.3530961e+00  -8.7239112e-01
   2.0000000e+00   1.1097976e+00  -2.3299553e-01  -4.7057458e-01   3.9647106e-01  -3.1300740e-01   1.1722021e-01
   1.0000000e+00   5.1165706e-01   3.2366453e-01   5.3713263e-01  -1.1046630e+00   4.8484027e-02   6.7600604e-01
   2.0000000e+00  -6.1548325e-01   4.9631167e-01   3.6041700e-01   4.9946524e-01  -3.8136823e-01  -1.3067707e+00
   2.0000000e+00   2.3624142e-01  -1.0928019e+00  -6.6369173e-01   1.9451701e-01  -7.1194516e-01  -1.0916242e-01
   2.0000000e+00   9.0895407e-01  -5.2860849e-01   1.5413658e+00  -3.5688008e-01   5.6759130e-01  -6.5287344e-01
   2.0000000e+00  -3.7813365e-01  -1.6137808e+00  -5.8962151e-01   4.8854721e-01  -7.7301534e-01  -2.9235676e-01
   1.0000000e+00  -7.4248117e-01  -7.8802094e-01   3.9595058e-01  -5.3093068e-01   2.7626386e-01   2.6538047e-01
   2.0000000e+00  -8.0007488e-01  -1.5327541e-01   2.0445007e+00  -4.7392550e-01  -2.6558490e-01  -7.2188525e-01
   2.0000000e+00   5.2261550e-01  -5.6569348e-01   1.7727362e+00   4.5326675e-01   6.3454000e-01   8.1581415e-01
   2.0000000e+00   5.0046530e-01  -2.1950106e+00  -2.0051023e-01  -4.3476474e-01  -1.5588440e+00   1.5688304e-01
   2.0000000e+00  -4.8137074e-01  -2.3892055e-01   7.7232370e-01  -1.5503932e+00   9.6003594e-01   1.5490763e+00
   2.0000000e+00  -1.5091492e+00  -1.1735585e+00   1.7200044e+00  -1.6039028e+00  -1.0304308e+00  -7.4722360e-02
   2.0000000e+00   1.1366395e-01  -1.0243865e+00  -9.7210663e-01  -7.8682415e-01  -8.5119728e-01  -2.7431113e-01
   2.0000000e+00  -2.6447162e-01   2.4311868e-02   9.8559757e-01   1.8678759e+00   1.0125694e+00   2.2623374e-01
   2.0000000e+00   8.4827957e-02  -2.2478353e-01   1.9088541e+00   2.2972230e+00   1.7251888e+00   5.6321571e-01
   2.0000000e+00   1.4253947e+00  -1.0290868e-01   1.0316617e+00  -6.6852666e-02  -4.2107114e-01   1.1281744e+00
   2.0000000e+00   3.0619471e-01   1.5651311e-01   1.2658263e+00  -1.5552173e+00   2.1170236e-01  -1.0845291e+00
   2.0000000e+00  -8.2956573e-01   1.7281640e-01   1.4644653e-03   5.0222735e-03  -1.1977169e+00   5.5016009e-01
   2.0000000e+00   2.1469768e+00  -5.8114483e-01  -1.3133840e+00   6.8997052e-01  -1.6104851e+00  -1.3394364e+00
   2.0000000e+00  -6.7052530e-01   1.0851151e+00  -7.4258581e-01   2.5733311e+00   1.1743512e+00   6.9937990e-01
   2.0000000e+00  -4.9043315e-01   1.9996380e+00   1.5845620e+00   1.7257476e+00   7.4914063e-01  -1.1579787e+00
   2.0000000e+00   5.5425713e-01  -1.2963699e+00   7.3718533e-02  -4.0078384e-01  -3.4580152e-02  -1.1537700e-02
   2.0000000e+00  -1.3666960e+00  -1.2227464e+00   8.4647119e-01  -1.1978630e+00  -5.1757738e-01   1.5421709e+00
   2.0000000e+00   1.4032331e-01  -1.8556410e-01  -1.0378446e+00  -4.9311680e-01  -1.2422333e+00   1.5891320e-01
   2.0000000e+00  -3.9547130e-02  -2.1573013e+00  -1.8147525e+00  -1.1325528e+00  -5.5706473e-01  -6.7381069e-01
   2.0000000e+00   2.0627195e+00  -5.6943844e-01  -2.0970814e+00   1.3293019e+00   1.4948945e+00  -5.7087264e-01
   2.0000000e+00   1.2516545e+00  -2.2750598e+00   2.8551868e-01  -4.2361305e-01  -2.3982145e-01   6.8350557e-02
   2.0000000e+00   3.9572182e-01  -9.3374217e-01  -2.1790063e+00  -1.7841487e-01   5.6957246e-01   5.2681642e-01
   2.0000000e+00  -1.0870702e+00  -1.3124017e+00   1.4552318e+00  -8.7468243e-01   9.4422403e-02  -7.4417501e-01
   2.0000000e+00   5.2062296e-01   2.6599597e-01   1.1656071e+00   6.5960619e-01  -1.3356558e+00   4.3500706e-01
   2.0000000e+00  -3.5659969e-01  -3.8280419e-01   3.0795128e-01  -9.2296265e-01  -1.7112314e+00  -7.0828854e-01
   2.0000000e+00  -5.2625412e-01   3.4479620e-01   1.0470861e+00   7.2630985e-01   1.0508186e+00   2.9698594e-02
   1.0000000e+00  -1.8595048e+00   7.9693459e-01  -1.0690758e-01  -9.9763016e-01   2.2268929e-01   2.6898094e-01
   2.0000000e+00  -2.2905802e+00   9.3181768e-01  -1.8357208e+00   2.7866176e-01   2.8472210e+00  -3.0509463e-01
   2.0000000e+00   3.4707260e-01  -1.1804510e+00  -1.2612905e-01  -4.8408841e-01  -1.4976307e-01  -5.9961376e-02
   1.0000000e+00   4.5031121e-01   1.1751492e+00  -6.7804907e-01   7.3902218e-01   6.5110489e-01   8.2336775e-01
   2.0000000e+00  -3.7801863e-01  -2.3443928e-01   1.2650400e+00  -7.3003391e-01   1.4691028e-01  -3.2136445e-01
   2.0000000e+00   6.3488393e-01   1.3002394e+00   3.4814314e-01  -7.2327557e-01  -6.4797455e-01  -2.1046285e+00
   2.0000000e+00   3.1672938e-01   1.0851546e+00   4.1348965e-01  -1.0032712e+00  -8.1647983e-01   6.0135116e-01
   2.0000000e+00  -1.3865547e+00  -4.5224597e-01  -3.7451435e-01  -1.2930905e-01  -1.0060780e+00  -1.1097761e+00
   2.0000000e+00  -1.2284838e+00   1.8315411e+00  -8.9425241e-01  -4.9923888e-01   1.0124593e+00   3.9243344e-01
   2.0000000e+00   1.1772833e+00   1.1523255e+00   2.8035344e-01  -5.5463299e-01  -5.5819433e-01  -5.4969257e-01
   2.0000000e+00   4.5814815e-01   2.8881086e-01  -4.3825559e-01   9.3351425e-01  -9.6915594e-01   1.0550773e+00
   2.0000000e+00  -3.1811635e-01  -4.2626546e-01   1.3925479e+00   1.2934197e+00  -1.7484110e-01  -1.4897029e+00
   2.0000000e+00  -1.0458822e+00   3.2004214e-01  -3.6737749e-01  -3.5110944e-01  -6.7693433e-01  -6.7051270e-01
   2.0000000e+00   2.5870851e-01   1.6424274e+00  -7.9542689e-01   1.9127470e+00  -1.1347123e-01   3.6972272e-01
   2.0000000e+00   2.4557075e-01  -7.8933851e-01  -2.1839812e-01   8.4753981e-01  -1.8678598e+00   6.6414096e-01
   2.0000000e+00  -1.8521146e+00  -9.2502402e-01   1.0819980e+00   1.7299247e+00  -1.1960069e+00  -6.6864241e-02
   1.0000000e+00   9.4300881e-01   3.4886105e-01  -5.6699827e-01  -1.0066951e+00   6.0869825e-02  -4.9891530e-01
   2.0000000e+00   6.1106544e-02   4.4174021e-01  -9.5499384e-02  -5.0428618e-01  -7.7294836e-01  -1.1594063e+00
   2.0000000e+00   3.3441699e-01   7.9433720e-01  -1.4779762e+00   9.3605337e-01  -6.4473994e-01   1.4863270e-01
   2.0000000e+00  -1.3209247e+00   5.6734419e-01   1.2210693e-01   6.6776122e-01   1.8484658e+00  -1.2730084e+00
   2.0000000e+00   1.6472339e+00  -1.0198975e+00  -3.8311619e-01   1.3481068e+00   1.2822464e+00   2.2860454e+00
   2.0000000e+00   8.3594464e-01   2.1631870e+00  -4.4894979e-01   3.4145553e-01  -2.2338146e-01  -2.4480256e-01
   2.0000000e+00  -8.2600352e-01   7.3864819e-01   1.4455328e-01   3.6326618e-01  -1.2040883e+00   5.5379167e-01
   2.0000000e+00  -2.0408848e-01   3.9889889e-01   2.7061289e-02  -3.1921046e-01  -9.4220731e-01   5.8740839e-01
   2.0000000e+00  -6.1613953e-01   5.2136905e-01  -2.5350454e-03  -5.4882741e-01   2.2141222e+00   8.3417408e-01
   2.0000000e+00   4.1626923e-01   5.5997400e-01   3.0073496e+00   6.4483728e-01  -1.3089948e-01  -4.7387819e-01
   2.0000000e+00   8.0718428e-01   8.6321272e-01   1.0467306e+00   1.8730472e-01   2.6812897e-01   1.7236809e+00
   2.0000000e+00   3.6855420e-01   5.9880989e-01   1.6897330e+00  -3.6205640e-02   2.9080838e-02   2.4354950e-01
   2.0000000e+00   4.7315517e-01  -4.5306198e-01   1.6665272e+00   5.0141550e-01   1.1303473e+00   2.1077048e-01
   2.0000000e+00   5.3582624e-01  -8.1080506e-01  -2.8750152e-01  -7.5200897e-01  -7.6975063e-01   2.5759415e-01
   2.0000000e+00  -1.0805360e+00  -1.5015045e+00  -4.8700548e-01  -1.0075157e+00  -7.3981709e-01   1.1407999e+00
   2.0000000e+00   7.1284964e-01  -9.8894613e-01  -1.6691816e+00   6.6168638e-01  -1.7883514e+00   1.2017138e+00
   2.0000000e+00  -8.7175396e-01  -7.1425299e-01  -9.7526499e-01   2.8497901e-01  -1.5273983e+00  -1.5252620e-01
   1.0000000e+00   6.1536323e-01   1.5805310e+00  -2.8579688e-01  -1.7587725e+00   2.6947017e-01  -2.0009982e+00
   2.0000000e+00  -1.0943510e+00   9.5174077e-01  -9.2190933e-02  -7.4564701e-01  -8.7771962e-02  -8.9161408e-01
   2.0000000e+00   1.0999106e+00   6.7133315e-01   3.2527773e-01  -2.0010785e+00   7.6945828e-01  -1.7432070e+00
   2.0000000e+00   4.2017691e-01   1.3588310e+00   1.5378654e-01   6.8480569e-01  -5.1305245e-01  -1.4271253e+00
   2.0000000e+00   7.9247736e-01   8.7480587e-01  -1.1933850e+00   4.6650232e-01   4.5651088e-01   4.0946433e-01
   1.0000000e+00  -6.7504410e-01  -4.0605398e-01  -3.3034398e-01   1.5296996e-01   7.4929476e-01  -8.9170378e-01
   2.0000000e+00   7.8472798e-01  -1.1332710e+00   1.7382949e+00   4.8447406e-01   1.9267031e+00   1.3521866e+00
   2.0000000e+00  -7.5255754e-01   6.3021385e-01  -3.0276427e-01  -6.6746961e-01  -8.6362932e-02   6.2825568e-01
   2.0000000e+00  -3.7310503e-01   1.6018221e+00  -9.2345488e-01  -4.7535172e-01  -1.8410589e-01  -6.5972937e-01
   1.0000000e+00  -2.7068859e-01  -1.6712484e+00  -2.5556650e-01   4.9225496e-02   8.8229839e-02  -3.9730507e-02
   1.0000000e+00   5.1124283e-01  -1.0209680e+00   3.3679309e-01   1.0712371e+00   7.4206949e-02   9.3869978e-01
   2.0000000e+00   1.2797396e+00  -1.7237164e+00  -3.8916627e-01   5.4918460e-01  -1.7089676e-01   2.5818850e-01
   2.0000000e+00  -2.3413977e-01  -8.4682831e-01  -4.2914582e-01  -5.4761864e-02   1.8750257e+00  -7.0277136e-01
   2.0000000e+00  -2.0657834e-01  -1.1018661e+00  -3.4537395e-01   1.1217776e+00   1.2386200e+00   1.6584661e+00
   2.0000000e+00   3.0834838e-01   1.6699498e+00   1.1947576e+00  -4.6277979e-02  -5.1887312e-01   2.3787829e-01
   2.0000000e+00  -6.7275746e-01  -7.1008674e-01   8.4475834e-01  -5.9219615e-01   8.2761046e-01   1.7778004e+00
   2.0000000e+00   1.4549955e+00  -9.7067890e-01  -7.5475139e-01   9.0743995e-01   1.2439834e+00   1.2008915e+00
   2.0000000e+00   1.0545370e+00   6.8924357e-01  -7.5055111e-01   3.1523689e-01  -9.3334363e-01   1.9730343e-01
   2.0000000e+00   9.4236492e-01   1.1433338e+00  -1.7510883e+00  -1.0996958e+00  -1.0725294e+00  -2.7081540e-01
   2.0000000e+00  -4.6378129e-01  -1.2612761e+00   1.1342118e+00  -1.0930023e+00  -3.4541015e-01  -9.4908085e-01
   1.0000000e+00  -1.5842231e+00  -7.3185674e-01  -1.0816355e-01  -7.3166759e-01   2.3004726e-01   1.4236612e+00
   1.0000000e+00  -8.6463338e-01  -6.5652974e-01  -2.4368059e-01   9.0394121e-01   1.1950894e-01   1.3761442e+00
   2.0000000e+00   4.2562059e-01  -4.0317865e-01   1.8020780e-01   6.0230788e-01  -1.0373891e-01   3.6713245e-02
   2.0000000e+00  -6.3777896e-01  -1.1328765e-01  -1.3082789e+00   5.5551946e-02   1.9635736e-01  -5.5716426e-01
   2.0000000e+00   3.1088415e-01  -2.0016368e-01  -9.2730829e-01  -1.7874717e-01  -9.5358982e-01   1.3547105e-01
   2.0000000e+00  -6.7470709e-01  -8.6560013e-02   1.8473956e-01   1.9281795e-01  -8.7926200e-01  -7.3445326e-01
   1.0000000e+00   2.0176272e-01   2.0660815e-01  -3.2342472e-01   1.3504385e+00   3.4686941e-01  -3.8533026e-01
   2.0000000e+00  -1.8657000e-01   7.1665475e-02  -2.0696442e+00   7.5306979e-01  -1.9845868e-01  -2.9893305e-01
   2.0000000e+00   3.9377690e-01   1.2991876e-02  -7.7690905e-01  -5.3640679e-01  -4.1570379e-01   1.2302081e-01
   2.0000000e+00  -1.6666277e+00   7.7639405e-01   2.6626814e-01  -1.8412508e-01  -1.7130132e+00  -6.0021926e-02
   2.0000000e+00   1.3172984e+00  -5.4624320e-01   1.0776113e+00   5.3509185e-01   2.0993549e-01   1.0731595e+00
   1.0000000e+00  -1.9843712e-01   2.0747261e-01   8.9024401e-02  -3.7849158e-01   3.8041254e-01  -8.5899724e-01
   2.0000000e+00   3.8441723e-01   7.9131769e-02   1.4597825e-01   1.1253087e+00  -1.3926891e+00   1.1846052e+00
   2.0000000e+00   1.8591752e+00  -1.8642335e+00  -4.8314024e-01   3.5172875e-01  -2.0103972e-01   1.1324068e+00
   2.0000000e+00   1.0938580e-02   3.0189050e-01   2.1125482e-01   1.4346317e+00  -2.6028459e-02   5.7579108e-01
   1.0000000e+00   1.1463209e+00  -6.3519876e-01   5.4570460e-01  -2.3864239e-01   8.1083959e-01   3.0735893e-01
   2.0000000e+00  -3.2788813e-01   1.5972204e-01  -9.0864932e-01  -4.0352663e-01  -7.4049848e-01  -1.2655270e+00
   2.0000000e+00   1.0261127e+00  -5.1722668e-01   1.0596933e+00   1.9988571e+00  -6.4052536e-01   7.6640697e-01
   2.0000000e+00   4.6526090e-01   1.0582584e+00  -1.6723669e+00  -1.5749092e+00  -8.1523270e-01   6.2731414e-02
   2.0000000e+00   8.6795702e-03  -9.2733126e-01  -4.6121573e-02  -7.5031035e-01  -1.7805414e+00  -4.1802797e-01
   1.0000000e+00  -2.8429835e-01  -1.0122943e+00  -2.3286496e-01   8.3566442e-01   6.4596247e-02   6.3966718e-01
   2.0000000e+00   5.5383412e-01  -6.0425681e-01   1.6579591e+00   1.2987574e+00   3.1245523e-01   6.9181619e-01
   2.0000000e+00  -9.3695653e-01  -4.3346072e-01  -3.1510459e-01  -1.1719748e+00  -8.0366172e-01   2.0929730e+00
   2.0000000e+00  -9.1492264e-01   5.4545469e-01   3.2528110e+00   8.1747621e-01  -9.5425816e-01   2.0229059e-01
   2.0000000e+00   9.8048978e-01  -2.6702417e-01  -2.7518483e-01   8.0490877e-01  -1.1799251e+00  -1.5883466e+00
   2.0000000e+00   6.5810058e-01  -1.9055693e+00  -7.2157315e-01   1.3297684e+00  -1.9779793e-01  -1.5607876e+00
   2.0000000e+00   5.6754461e-01   1.1856835e+00   2.3459280e+00   7.7288485e-01   1.0656458e+00  -1.2545107e+00
   2.0000000e+00  -3.8926975e-01  -3.5366991e-01  -1.8623369e-02   3.5715993e-01  -2.8281276e+00  -1.2741477e+00
   2.0000000e+00   1.0686149e-02   1.0261048e-02  -2.5805187e-01  -8.0754143e-01  -2.2670158e+00  -5.4883584e-01
   2.0000000e+00  -1.4628151e+00  -5.0538338e-01   1.4674075e-01   1.3036191e+00   1.0387089e+00   9.4771010e-01
   2.0000000e+00  -1.3049282e+00   3.9151801e-01  -1.0093652e+00   7.3858083e-01  -7.1846459e-01  -6.0608975e-01
   2.0000000e+00   4.1449655e-01  -2.7578263e-01  -1.4705670e+00  -9.2659029e-01  -6.4093408e-02  -7.3622108e-01
   2.0000000e+00  -1.0731036e+00  -7.3930076e-01  -6.4920410e-01   6.4375050e-01   1.1782348e+00  -1.6200761e+00
   2.0000000e+00   1.3671472e-01  -5.3639002e-01   7.0548383e-02  -7.3905535e-01   1.5232771e+00   4.2923853e-01
   2.0000000e+00  -1.5581760e+00   2.4090855e+00   1.1510160e+00  -1.3232330e+00   3.0259342e-02   1.0876536e-01
   2.0000000e+00  -4.4644622e-01  -1.0003617e-01   1.2214678e+00  -4.3659248e-01   6.5743833e-01  -3.4753250e-01
   1.0000000e+00  -9.3870019e-01  -4.3339303e-01   4.8586655e-01   5.0237570e-02   1.8868258e-01  -1.0056863e-02
   2.0000000e+00   5.5632807e-01  -6.3052566e-01   1.2084332e+00   1.1833663e+00   4.7329284e-01  -4.8173028e-01
   2.0000000e+00   9.3990378e-03   4.2858102e-01   2.6448846e+00  -2.2021842e-01  -3.6968532e-01   6.0343287e-01
   2.0000000e+00   2.7234567e-01  -3.3146374e-01   6.5719393e-01   1.2205267e-01  -1.5064976e+00   2.1274562e+00
   2.0000000e+00  -1.1460350e+00   6.0939196e-01   9.7213558e-01   3.4874075e-01   5.6867808e-01   4.3344030e-01
   1.0000000e+00  -1.1883139e+00   2.9882157e-01  -3.0338902e-01  -1.1680523e+00   6.2545240e-01   1.1492541e+00
   2.0000000e+00  -1.2577979e+00  -1.7094561e-01   1.2094771e+00  -2.9535321e-01  -4.0274772e-01   5.0851910e-01
   2.0000000e+00   1.0708310e+00  -9.1920473e-01  -1.1364200e+00  -3.3277679e-01  -5.6886411e-01   9.8358422e-02
   2.0000000e+00   6.0297618e-01   8.6229657e-01  -3.3345452e-01  -7.2197218e-01  -1.4542189e+00   2.2297450e+00
   2.0000000e+00   1.8784120e-01   7.3724959e-01  -8.6597480e-01  -1.1930074e+00  -5.3684409e-01  -1.6878558e+00
   2.0000000e+00  -7.8888755e-01  -2.9491907e-01  -5.6315330e-01  -1.1071688e+00  -5.9844863e-01  -4.9884375e-01
   2.0000000e+00  -1.0757188e+00  -1.1483825e+00   2.0094235e+00  -3.3776112e-01  -3.7695118e-01   1.3665879e+00
   2.0000000e+00   9.9130314e-01   1.7275170e+00  -2.0641398e-01  -6.5148968e-01   1.6485260e+00  -2.5105425e-01
   1.0000000e+00   4.9675948e-01   1.3182487e+00  -4.2974197e-01   1.4599507e+00   3.5345633e-01   5.3652970e-01
   2.0000000e+00  -1.0979177e+00   1.0737785e+00   1.0437269e+00  -7.1562007e-01  -4.0300153e-01  -4.3425876e-01
   1.0000000e+00   1.6485794e+00  -1.1412313e-01  -3.1805853e-01   2.6081955e-02   2.9777011e-01   1.4466408e+00
   1.0000000e+00  -1.7640636e+00   1.3373217e+00   3.2403306e-01  -3.7348650e-01   2.9261272e-01   8.9246176e-01
   2.0000000e+00   3.2548931e-01   1.2045148e+00   5.5794050e-01   1.5871681e+00   1.1639393e+00  -5.3371879e-01
   2.0000000e+00   6.7487708e-01   2.5522868e-01  -8.7460480e-01   1.4439181e+00   8.6626864e-01  -2.7489685e-01
   2.0000000e+00   1.5340542e-01   2.5814828e-02  -3.5746386e-01  -5.6060475e-01   9.9473077e-01  -6.1912339e-01
   2.0000000e+00  -9.6480317e-01  -5.3596830e-01   1.9401291e+00   7.2117669e-01   1.6386885e-01   6.7381634e-01
   1.0000000e+00   2.5331817e-01  -4.9938134e-01   1.3858893e-01  -6.4449350e-01   3.6471899e-01  -2.3676005e+00
   2.0000000e+00  -2.1183956e-01  -1.3317173e+00   9.1665081e-01   9.1646181e-01   1.0616928e+00   8.8636519e-01
   2.0000000e+00   2.0196345e-01   1.7480791e+00   1.2889938e+00   2.1633414e+00   8.8825213e-02  -1.6625195e+00
   2.0000000e+00  -3.1503036e-01   7.7788218e-01   5.8316954e-01  -3.5328006e-01  -1.5602559e+00  -2.1080652e+00
   1.0000000e+00   5.1371783e-01   3.1837755e-01   1.2698503e-01  -7.8207349e-01   1.7087668e-01  -2.7673622e-01
   2.0000000e+00  -5.0150871e-01  -1.7138133e+00   1.2959541e+00  -1.2081097e+00  -9.4165668e-01   1.3014698e+00
   2.0000000e+00  -1.2992986e+00   1.2419565e+00  -1.2724136e+00   1.1413465e+00  -7.5117358e-02   1.6711338e+00
   2.0000000e+00   9.0961515e-01  -1.4917769e-01   1.2208358e+00   5.6967409e-01  -4.8219930e-01   1.3712357e+00
   2.0000000e+00   9.7671188e-01   3.4052415e-01  -2.1281422e+00   8.4362989e-01  -6.9185731e-01  -1.4222452e+00
   2.0000000e+00   8.3914362e-01   1.1068059e+00  -1.2775109e+00  -2.3323358e-01   1.1330263e+00   9.2846116e-01
   2.0000000e+00  -1.6022925e+00   7.5160476e-01  -4.3234311e-01  -9.0200074e-01  -3.8366435e-01  -5.4257207e-01
   2.0000000e+00   4.4183083e-01   1.4977765e+00  -8.6368621e-02  -5.8886665e-01  -2.4153342e-04  -2.5161026e+00
   2.0000000e+00  -1.0853775e+00  -1.5406681e+00  -1.6486842e+00  -6.1893282e-01   7.2493139e-02   1.1352869e+00
   2.0000000e+00   8.9310509e-01  -2.4388433e+00   7.8520802e-01  -8.8568573e-01  -1.4297617e+00  -1.1063839e+00
   2.0000000e+00   9.4576653e-01  -7.6306518e-01  -7.7123324e-02   1.3395541e-02   1.1679316e+00  -1.2572599e+00
   2.0000000e+00   1.0142658e+00   2.5479182e-01  -1.1083778e+00  -2.8253142e-01  -1.4730375e-01  -1.7165444e+00
   2.0000000e+00   1.8177369e+00  -1.0608981e+00  -1.2046293e+00   1.1015644e+00   8.0107100e-01  -3.2566942e-01
   2.0000000e+00  -1.4267701e+00  -4.2699881e-01  -9.7160832e-01  -4.9396900e-01   2.7147594e-01   1.3157492e+00
   2.0000000e+00   3.8697955e-01  -2.8687769e-01  -8.4566051e-01   8.0249521e-01   1.1291275e+00  -1.4484535e+00
   2.0000000e+00   1.5780750e+00   7.0830899e-01  -1.2796718e-01  -1.0079662e+00  -7.4157332e-01   1.8532069e+00
   2.0000000e+00   3.1841756e-02  -5.0158098e-01  -5.4686402e-02   1.9220602e+00  -1.7189749e+00  -5.4560401e-01
   2.0000000e+00   2.7299881e-02  -2.7076574e-01  -5.9253053e-01   1.6812884e-01  -5.1409961e-01  -2.1128950e-01
   2.0000000e+00  -7.0114259e-01   1.5529781e-01  -8.5598613e-02  -2.6185677e-02  -6.3912689e-01   5.0029150e-01
   2.0000000e+00   1.1091989e+00   4.4631839e-01  -6.5492597e-01  -4.0465548e-01  -1.2145940e+00   1.6044496e+00
   2.0000000e+00   2.6586032e-01  -8.6892793e-01   1.7864230e-01  -5.3684970e-01   1.1407582e+00  -8.4909904e-01
   2.0000000e+00   1.2117969e+00  -5.6863361e-01   1.5656637e+00  -4.8573468e-01   9.3819536e-01   1.8486801e+00
   2.0000000e+00  -1.0323327e+00  -9.7179488e-01   8.7058960e-01  -3.5357268e-01   8.2366599e-01   5.3290071e-01
   2.0000000e+00  -8.3080100e-01  -1.4615853e+00  -4.1370797e-01   1.2911640e+00  -1.8167609e+00  -1.3908768e+00
   2.0000000e+00   4.2126425e-02   4.9541793e-01   1.4709963e-01   5.3526762e-01  -1.7345708e+00  -1.4927091e+00
   2.0000000e+00   1.9374961e-01  -8.5306171e-02  -1.6142856e-01   8.2746839e-03   1.5575451e+00  -7.4585197e-01
   1.0000000e+00  -9.4879641e-01   5.5774932e-01  -4.3190911e-01  -1.0066964e+00   8.1167591e-02  -5.9111971e-01
   1.0000000e+00   3.6957487e-01   1.8937155e-01  -3.1704384e-01  -1.6972581e+00   5.2360539e-01   1.9281445e+00
   2.0000000e+00  -2.7815589e-01   1.7544049e+00   1.1236781e+00   1.8162178e+00  -3.4281333e-01  -1.5053987e+00
   2.0000000e+00   1.2718530e+00  -6.3118196e-01  -5.5164351e-01  -1.4523769e-01  -1.7146757e+00   2.9965784e+00
   2.0000000e+00   5.5363215e-02  -2.3761521e-01   1.9238343e-01  -1.3962768e-01  -5.5943253e-02  -2.7622291e+00
   2.0000000e+00   2.6324562e-01   1.4684129e+00   6.2290129e-01  -1.1318527e+00  -2.6592466e-01  -2.7659352e-01
   2.0000000e+00  -8.9491253e-01   1.0587306e+00  -1.0444332e+00   6.1262085e-01   2.6818212e+00  -3.8260779e-01
   2.0000000e+00  -1.6750152e+00  -2.3669331e+00  -1.5227712e+00  -9.0613694e-01  -1.1547325e+00   2.6861565e-01
   2.0000000e+00  -2.3246005e+00   9.2789415e-01   7.7850057e-01   8.8443597e-01  -3.8335098e-01   4.3023093e-01
   2.0000000e+00   2.0092164e+00   1.5806013e+00   3.9001283e-01  -2.3600850e+00  -9.6647734e-01  -8.9134184e-01
   2.0000000e+00   5.9549030e-01   1.7097198e-01  -5.3959474e-01   4.2088890e-01   1.9833773e+00   4.1590070e-01
   2.0000000e+00   1.4857513e+00  -2.6462039e-01   1.1422192e+00   1.8345483e-01   7.0682415e-01  -1.7198812e+00
   2.0000000e+00  -1.4679767e-01   3.3284225e-01   3.2017224e-01   5.0080816e-01  -1.2173614e+00  -8.5598483e-01
   1.0000000e+00  -1.5617935e+00  -1.1375361e+00  -4.1172890e-01  -3.3018587e-01   3.2160878e-01   1.5157067e+00
   2.0000000e+00  -1.1380196e+00   5.1110442e-01  -4.4576022e-01  -2.4135556e+00  -1.2887312e+00   9.3442420e-01
   2.0000000e+00  -1.1818844e+00  -1.3216350e+00  -5.0716259e-01  -9.6284192e-01  -3.1919455e-01  -1.0388088e+00
   2.0000000e+00  -2.4044195e+00  -1.9924564e-01  -1.1053460e+00   2.7150485e+00   3.0379483e+00   1.5258925e+00
   2.0000000e+00   6.8544550e-01   7.2702592e-01   2.7596315e+00   9.7847822e-01   3.3820911e-01  -1.8209431e-01
   2.0000000e+00  -9.5148770e-01   4.6659292e-01  -2.2959759e+00  -7.9943446e-01  -1.0769470e+00   4.2470607e-02
   1.0000000e+00   2.9706640e-01  -2.3449512e+00   2.7600191e-01   4.8398761e-01   2.3574298e-01   4.7590400e-01
   2.0000000e+00   1.4505042e-01  -1.4754956e-01   5.7124080e-03   4.6523784e-01  -6.7303417e-01   1.7221775e-01
   2.0000000e+00  -6.6765340e-01  -6.1865017e-01  -1.2946679e+00  -2.4673219e+00  -1.0219672e+00   2.3154494e+00
   2.0000000e+00   1.2689995e+00  -4.3230441e-01  -1.4722341e-01  -3.1955502e-01  -9.2951784e-01   6.8374263e-02
   2.0000000e+00   3.1147217e-01  -2.0354738e-01   3.9396135e-01  -2.0291487e+00   1.1633172e-01   1.3776246e-01
   2.0000000e+00  -1.5310910e+00  -7.0634893e-01   1.0369279e+00   1.1620256e+00   7.7494420e-01  -2.8839600e-01
   2.0000000e+00  -8.7283366e-02  -3.4990018e-01   1.1394090e-01   9.4911960e-01  -7.2376413e-02  -1.4335234e+00
   2.0000000e+00   2.9656659e-01  -5.8630585e-01   5.8737697e-01   1.4856515e+00  -1.2930181e+00   3.8759784e-01
   2.0000000e+00  -5.0196154e-01  -4.2069351e-01   1.7693424e+00   2.0440262e+00  -7.6138132e-01   5.5598682e-01
   2.0000000e+00   3.3483803e-01   7.9795387e-01  -1.0996868e-01   8.0026723e-02   1.7726471e+00   5.4780804e-01
   2.0000000e+00   1.2732431e+00  -4.1624840e-02  -5.7859900e-01  -5.2773468e-01  -6.5593676e-01   6.2088585e-01
   2.0000000e+00   4.4360685e-01  -6.1496595e-01  -1.4431946e+00   2.9604982e-01  -4.5488369e-01   1.0038942e+00
   2.0000000e+00   1.1035161e+00  -3.0869495e-01   8.5760947e-01   2.1998456e-01   1.2557690e+00  -7.7368998e-01
   2.0000000e+00   1.9212764e+00   6.3913558e-01  -5.1407083e-01  -1.6644027e-01  -1.3283277e+00   5.5914265e-01
   2.0000000e+00   1.6630420e+00   6.6689908e-01   1.4365343e+00  -1.8087717e-01   7.0522828e-01   6.0458973e-01
   2.0000000e+00   3.5132398e-01   6.7526284e-01   7.2891030e-02  -1.0206403e+00  -4.3696361e-01  -4.4357178e-01
   2.0000000e+00   1.6305756e+00   6.0679339e-01  -1.3576969e-01   4.5718420e-02  -7.2463026e-01  -2.7364487e-02
   2.0000000e+00  -1.5362317e+00  -4.2142258e-01  -5.6864135e-01  -1.3502515e+00   9.6435255e-01  -8.1362921e-01
   1.0000000e+00   3.9289158e-02   1.0587489e+00  -5.2024917e-01   2.6408864e-01   1.4070238e-01   3.8935717e-01
   2.0000000e+00   6.3066760e-01  -2.3408326e+00  -1.2739092e+00   6.1873499e-01   3.3014073e-01  -3.4115764e-01
   1.0000000e+00   3.4040399e-01  -3.7397689e-01   6.0534007e-01   6.7018024e-01   3.3646231e-01   1.9171779e+00
   1.0000000e+00  -2.7180181e-01   1.8003582e-01  -4.2380667e-01   8.9923037e-01   2.1662891e-01   4.6610688e-01
   2.0000000e+00  -2.1067345e+00   1.0231542e+00   6.4517359e-01   5.2905202e-01  -8.5523371e-01  -3.0537929e-01
   2.0000000e+00   3.6511907e-02  -1.7415623e-01  -1.7055419e+00   8.8045166e-01  -1.1585450e+00  -7.2638656e-01
   1.0000000e+00  -1.2498194e+00  -9.8028426e-02   3.4755996e-01  -1.2942665e-02   5.2371478e-01  -2.6649064e+00
   2.0000000e+00  -6.1838478e-01   4.7583832e-01  -9.2228333e-01  -3.8326424e-01  -5.4372101e-01   2.2412528e-01
   2.0000000e+00   8.3119009e-01   1.6001294e+00  -1.5780662e+00   1.3958087e+00   1.6756511e+00  -7.8419595e-01
   2.0000000e+00  -8.5002321e-01  -6.5135308e-01  -2.3706099e-01  -1.8446802e+00  -2.9632586e-01   2.3235293e-01
   1.0000000e+00   8.4307520e-01  -7.3850583e-02   6.2106144e-01  -1.1089240e+00   3.8095871e-01  -1.5047025e+00
   2.0000000e+00  -7.6824240e-01   3.7981878e-01   1.0408284e+00  -7.9673008e-01   1.8774854e+00   7.8271177e-01
   2.0000000e+00   1.9464174e+00   5.2248422e-01   1.2435989e+00   5.8666549e-01  -4.6344936e-02  -6.6711160e-01
   1.0000000e+00   1.0478513e+00   2.2336301e-01  -3.8164099e-01  -1.3698054e+00   3.5645593e-01   4.0604245e-01
   2.0000000e+00  -1.1142999e+00   6.9325008e-01  -9.6743939e-01  -4.4202036e-02  -1.9219010e-01  -7.6528652e-01
   2.0000000e+00   7.4086218e-01  -1.2358146e+00   3.0586915e+00   5.0177947e-01   1.5311768e+00  -7.0013150e-02
   1.0000000e+00   2.2696286e+00  -1.7182229e-01  -5.5410290e-01  -3.3445245e-01   2.5570766e-01   1.2103686e+00
   2.0000000e+00  -2.6488482e+00  -5.0065874e-01  -7.1040670e-01   6.7565975e-01   1.1643939e+00   6.8394631e-02
   2.0000000e+00  -4.8722764e-01   9.5217512e-01   4.7848695e-01   6.3661890e-01  -3.5858770e-01   3.2348215e-01
   2.0000000e+00  -1.2804448e+00   1.8573810e-01  -1.0827396e+00   2.3866861e+00  -1.6126769e+00   1.2511333e+00
   2.0000000e+00   3.3786665e-01  -1.2815882e+00  -6.7180285e-01  -1.4091610e+00  -3.0457238e-02  -4.4392927e-01
   2.0000000e+00   8.7915723e-01   5.2752823e-01  -1.5380202e+00  -5.3558822e-01   1.2026201e+00   4.5970477e-01
   1.0000000e+00   1.9530471e-01   1.0620077e-01  -2.0103921e-01   9.7962340e-01   7.5524293e-01   1.0666550e+00
   2.0000000e+00   7.4083740e-03   5.0968988e-01  -1.1337184e+00  -1.5059050e-01  -2.2423890e-01   1.1405396e+00
   2.0000000e+00   3.3189421e-01  -6.4312238e-01   3.9148713e-01  -2.5551574e-01  -2.9777182e-03   6.3354295e-01
   2.0000000e+00  -1.0639290e+00  -9.5767025e-01   1.8984596e-01  -7.0586158e-01  -9.3137370e-01   2.6787184e+00
   2.0000000e+00  -1.0119263e+00   6.8202935e-01  -7.2371652e-01   1.1672165e+00   7.0300180e-01  -1.2726624e+00
   2.0000000e+00   7.7645349e-01   4.6810856e-02  -3.8629198e-01   7.7248742e-01  -8.1170991e-01  -8.4280742e-01
   1.0000000e+00  -5.4008462e-01  -3.6117536e-01  -5.7492396e-01   8.7356280e-01   3.3219759e-01   2.9339201e-01
   2.0000000e+00   1.5081790e+00  -1.2091558e+00   1.6987328e-01   1.9963948e-01  -1.1327094e+00  -4.5344737e-01
   1.0000000e+00   1.0147125e+00  -9.1703848e-01  -6.5960249e-01  -1.7885266e+00   8.8527740e-02   4.9171311e-01
   2.0000000e+00  -9.5926939e-01   9.7922723e-01   2.7293694e-01   2.1275536e+00   1.5797170e+00  -1.3747899e+00
   1.0000000e+00   3.7049304e-01   2.1277333e-02  -8.5354785e-01  -7.9824151e-01   1.2103919e-01   7.9564851e-02
   1.0000000e+00   7.2605916e-01  -2.8809105e-01   5.9022606e-01   5.5876494e-01   4.0867890e-01   8.5505257e-01
   2.0000000e+00   1.9438611e-01  -1.1755815e+00  -1.6627522e-01   1.5933973e+00  -2.7189765e-01  -1.0101465e+00
   2.0000000e+00  -5.8855255e-01   7.3360854e-01  -2.0600353e+00   1.5001298e-01  -1.2601012e+00  -3.4146430e-01
   2.0000000e+00   1.0400252e+00  -1.2337756e+00   1.9193220e-01  -1.1524532e-01   1.2883531e+00  -2.0211913e+00
   2.0000000e+00   3.1086259e+00   1.9081406e-01   9.5064059e-01   7.1353652e-01   1.4912539e+00  -8.3369425e-01
   2.0000000e+00   7.0700543e-02  -6.5803398e-01   1.2716353e+00  -3.4268760e-01   3.4685796e-01   3.0525210e-01
   1.0000000e+00   5.2166200e-01  -7.3834506e-03   2.3057478e-01  -7.2238913e-01   3.8400468e-01   1.2926437e+00
   2.0000000e+00   1.6170399e+00  -6.1019049e-01   1.4866915e+00  -2.2238907e+00   3.2635021e-01   1.2544563e+00
   2.0000000e+00  -4.5675649e-01  -1.5438026e+00   6.9537307e-01  -2.0893120e-01  -1.3924401e+00   2.5686475e-01
   2.0000000e+00  -8.5010076e-01  -9.5089317e-01   2.1164141e+00   1.5294689e-01   1.3287002e-01  -6.0386518e-01
   1.0000000e+00   1.5671387e-01  -1.0777113e+00   2.6720926e-01   1.5124007e+00   7.2772191e-01  -1.4326707e+00
   2.0000000e+00  -2.1711186e+00   2.5754350e+00   4.8200225e-01   6.9418506e-01  -1.2319928e+00   7.9095198e-01
   2.0000000e+00  -8.4986679e-01   8.9664794e-01   4.3809625e-01   1.0408120e+00   1.0985511e+00   3.7811963e-01
   2.0000000e+00  -9.0465406e-01  -8.2299133e-01   5.6034199e-01  -2.1534405e-01  -8.6984623e-01  -5.6166140e-01
   2.0000000e+00   1.0178386e+00   1.5353374e+00   8.3567289e-01   1.3935350e+00  -1.0210482e-01  -2.4519523e-01
   2.0000000e+00  -5.1293623e-01   1.8024508e+00   1.0707195e+00   9.2368653e-01  -8.6698709e-01   7.1738542e-02
   2.0000000e+00  -9.0290094e-01  -4.9183548e-01  -9.9021735e-01  -3.4667223e-01  -3.2813565e-01  -7.6547669e-01
   2.0000000e+00  -5.1296649e-01  -7.7724580e-01  -1.2996562e+00   9.4793144e-02   9.6341841e-01  -6.8025346e-01
   2.0000000e+00  -5.5600808e-01  -2.5273122e+00   1.3419407e+00  -1.4546456e+00  -9.0410699e-01  -2.8381728e-01
   2.0000000e+00   1.2284372e+00  -2.9770873e-01   9.7079069e-01  -8.6343434e-01   4.2706707e-01  -5.6680995e-01
   2.0000000e+00  -3.5975600e-01  -5.7644050e-01  -8.4979523e-01   3.5780797e-01  -1.9902758e-01   1.3873911e+00
   1.0000000e+00  -9.7868020e-01   1.6771226e+00  -4.9387922e-02  -8.1169160e-01   2.1445761e-01   2.3373422e-01
   2.0000000e+00   7.2348947e-01  -8.1269984e-01   1.8572482e+00  -2.0285255e-01  -4.1900815e-01   5.7746695e-01
   2.0000000e+00   3.9962264e-01   9.1879130e-01  -1.1609076e+00   1.2303591e+00   1.2165423e+00   2.1559350e+00
   2.0000000e+00   7.6718031e-01  -1.7008702e+00   3.3049663e-01  -6.9525235e-01   1.5228154e+00  -3.6972256e-01
   2.0000000e+00  -5.9946482e-01  -4.6108632e-01  -1.3903523e+00  -1.1332550e-01   6.2211203e-02  -2.9446538e-01
   2.0000000e+00  -1.3661750e+00  -4.4190016e-01   1.7398324e-01  -1.0762198e+00  -1.9301613e+00  -1.3162856e+00
   1.0000000e+00   2.7324115e-01   2.3881045e-01   3.0908139e-01   7.3453106e-01   6.2305772e-02   4.6936741e-01
   2.0000000e+00  -5.4929775e-02  -7.9622489e-02  -1.8284385e-01   5.5463931e-01   1.3750287e+00  -4.8646558e-01
   1.0000000e+00  -5.2625552e-02  -1.8115824e+00   9.4688208e-01  -1.5022403e+00   1.5775011e-01  -7.5229592e-01
   2.0000000e+00  -4.7261139e-01  -4.4875918e-01  -1.3672638e-01  -8.6219579e-01  -3.6313584e-01   6.5314356e-01
   2.0000000e+00   3.5454331e-01   1.5300090e-01   1.1922425e+00  -5.5489713e-01  -1.0111255e-01  -1.3797410e+00
   2.0000000e+00   9.4028684e-02  -1.5145294e+00   1.1014286e+00  -2.6481305e+00  -3.0005734e+00  -2.5798979e+00
   2.0000000e+00  -1.8251896e-01  -1.0772249e+00  -2.7674550e-01  -1.2682327e+00  -2.2037418e-01   1.6765690e+00
   2.0000000e+00  -3.5849803e-01   1.0484437e+00   2.6170047e-01  -7.8726736e-01  -4.6462431e-01   1.3341247e+00
   2.0000000e+00  -2.4296102e+00   5.1634374e-01   2.1152209e-01   5.5100488e-01  -3.8988473e-01   6.7310713e-01
   2.0000000e+00   1.2287271e+00   1.0829793e+00   9.7143830e-01  -2.2846527e-01  -6.3140203e-02  -1.8401053e+00
   2.0000000e+00   7.6134034e-01  -6.7054738e-01   1.2501602e+00  -1.1368479e+00  -1.3855814e+00  -4.0525293e-01
   2.0000000e+00  -5.9030794e-02  -2.0540134e+00   7.9766188e-01  -2.5988354e-01  -1.5855227e+00   2.2869234e+00
   1.0000000e+00   2.3125366e+00  -2.5493462e-01   2.7899755e-02   7.4312088e-01   5.9272360e-01   8.1867024e-01
   2.0000000e+00   1.2193902e+00  -3.3943355e-01  -8.9040584e-01  -1.3166575e-01  -6.9387414e-01  -7.2007262e-01
   2.0000000e+00  -5.3418245e-01   3.3167449e-01  -1.2894539e+00  -1.3186536e+00  -4.8736188e-01  -5.5926252e-01
   2.0000000e+00  -1.5906536e+00   1.0306923e+00   1.1050777e+00   3.0071277e+00   7.0856880e-01  -3.6178197e-01
   2.0000000e+00  -1.0786839e+00   7.2460293e-01   2.0056996e+00   2.4675743e-01  -3.1884391e-01  -3.0490929e-01
   1.0000000e+00  -1.1539462e+00   1.2312282e+00   2.7237922e-01   1.5170185e+00   7.0073802e-01  -9.8351795e-01
   2.0000000e+00   5.2480698e-01   1.1344397e-01  -6.8548344e-02   2.6926577e+00   2.3555047e-01   1.9990380e+00
   2.0000000e+00   8.3188792e-02   3.1564740e-02   9.4055839e-01   1.2445192e+00  -3.0672805e-01   9.7589046e-01
   2.0000000e+00   1.4683427e+00   5.8437584e-01  -1.6864145e+00  -1.1291519e-01  -1.1454153e-01   3.8325261e-01
   2.0000000e+00  -1.1912019e+00   9.1478060e-01  -2.6015488e-01  -2.0495455e+00  -9.8949064e-01   1.5310793e+00
   2.0000000e+00   2.9988324e-01  -2.9549741e-01  -2.0053683e+00  -1.5354230e+00   6.2025978e-01  -9.4529240e-01
   2.0000000e+00   2.0339361e-01   8.4169821e-01   4.2975712e-01  -4.6779469e-01   1.0164381e+00   4.7984669e-02
   1.0000000e+00  -4.0841148e-01  -7.1835701e-01   2.9374624e-02   1.4910878e-01   6.9515632e-01   1.0207198e-01
   1.0000000e+00  -1.2537027e+00  -3.5098495e-01   3.3015136e-01   1.8213609e+00   3.7381918e-01  -1.1706412e+00
   2.0000000e+00   1.0349469e+00   3.2575777e-01  -4.2923103e-01   2.3982027e+00  -7.0019850e-01   6.7396329e-01
   2.0000000e+00   2.0301310e+00   8.7373295e-02  -1.8710105e+00   8.5791342e-01  -1.6549172e+00  -1.9761111e-01
   2.0000000e+00   8.8437760e-01  -2.4528017e+00   9.9816837e-01  -1.2531153e+00  -5.1262031e-01   1.2731241e+00
   2.0000000e+00   6.7114745e-01   1.4987112e+00  -6.5605915e-01  -1.9644556e-01   1.2434616e+00   6.9673140e-01
   2.0000000e+00  -1.2084166e+00   8.5484575e-01   1.8046059e-01   2.2339222e+00   6.1936905e-01  -5.7405910e-01
   2.0000000e+00   6.0934981e-01   7.2261234e-01   9.5503147e-01   2.2944501e-02  -4.3287419e-01   1.4318048e+00
