   2.0000000e+00   5.1706570e-01  -1.0066341e+00  -8.7867478e-01   2.7214521e-01  -1.5061049e+00  -7.3607777e-01
   2.0000000e+00   9.9048417e-01   1.0966195e+00  -9.5805850e-01  -2.0931933e-01  -2.8809550e-01  -1.3916409e+00
   1.0000000e+00   1.1819451e+00  -1.9944412e+00   6.5154003e-01   2.3327809e+00   1.0522042e-01   1.9307358e-01
   2.0000000e+00   2.0483989e-01  -1.4295498e+00  -8.4088044e-01  -9.5972469e-01   8.7861920e-01   1.2391383e+00
   2.0000000e+00  -5.3313801e-01   1.6612515e-01  -1.2006674e+00  -2.2919704e-01   1.9095402e+00  -1.3619973e+00
   2.0000000e+00   1.1014966e+00  -6.5584743e-02   1.2363736e+00  -1.6160154e+00   4.4122692e-01  -1.2679731e-03
   2.0000000e+00   1.1565115e+00  -5.5242462e-01   8.8462218e-01   2.0356780e-01  -6.4012076e-01  -6.1894372e-01
   2.0000000e+00  -1.5016278e-01   4.6203075e-02  -3.7435527e-02  -8.7554736e-01  -3.3371499e-01   1.6886140e+00
   1.0000000e+00  -9.0151187e-01  -8.0245920e-01   8.0723307e-01  -3.0756211e-01   2.8872158e-01   2.4481337e-01
   2.0000000e+00  -9.5819646e-01   1.7509318e+00   1.7458544e-02   4.6326354e-01   3.8068859e-01  -1.2071696e+00
   2.0000000e+00  -3.3201539e-01  -3.5441240e-01   2.6578929e+00  -1.5087783e-02   4.7712812e-03   2.9083776e-02
   1.0000000e+00   5.3462720e-02   1.4643434e-01  -1.9949743e-01   1.8918529e+00  -1.7311820e-01   5.5051978e-01
   2.0000000e+00   1.0565751e+00  -5.1965176e-01   2.2675269e-01   9.7555851e-01  -5.4152536e-01   1.0867958e+00
   2.0000000e+00  -2.0695116e+00  -3.8762150e-01   8.5906203e-02   1.3968232e-01   1.8693334e+00  -3.3932246e-01
   2.0000000e+00   1.5824715e+00   1.4998792e+00  -1.1182939e+00  -8.9310159e-01  -4.0158370e-01   1.2171889e+00
   2.0000000e+00   4.1944341e-01   2.3299606e-01  -1.8585514e+00   9.4454954e-02  -4.5790010e-01  -1.8290345e-01
   2.0000000e+00  -1.2749804e+00   9.3112986e-03  -7.1582721e-01   1.4191880e+00  -8.3219850e-01  -6.4525897e-01
   2.0000000e+00  -6.8086306e-01  -9.0758857e-01  -3.0093233e-01  -2.2584123e-01  -1.4654939e+00   1.2394055e+00
   2.0000000e+00  -5.7629043e-01  -1.2021540e-01   1.8339445e+00   7.0495174e-01  -1.0904417e+00   1.4012860e+00
   2.0000000e+00  -2.3189107e-01   5.6704342e-02   6.1758110e-01  -7.0152975e-01  -1.1852875e+00  -3.6251586e-01
   1.0000000e+00  -1.0617049e+00  -1.1029525e+00  -8.3914274e-02  -2.7050599e-02   4.9185095e-02   7.6381322e-01
   2.0000000e+00   7.9177141e-01  -4.1537001e-02   6.8951242e-01   2.7914783e-01   1.3043738e+00   2.1397490e+00
   1.0000000e+00   1.6054540e+00   3.1904466e-01   5.5520612e-01   1.8302789e+00   1.8780891e-01   1.7177011e-01
   2.0000000e+00  -4.6957134e-01  -1.1760618e+00   2.2979378e+00   1.3320923e+00  -7.0677308e-01   1.9689793e+00
   2.0000000e+00   1.0724932e+00   1.0469355e+00   1.8173424e+00  -2.1932772e-03   5.2177111e-01   1.4363732e-01
   1.0000000e+00   3.4580726e-01   3.8672025e-01  -1.5766696e-01   2.1935007e-01   1.6586622e+00   7.5215644e-01
   1.0000000e+00  -8.7172290e-01   1.5571942e+00  -4.4777737e-01  -8.1864499e-01   1.7301484e-01   5.0853120e-01
   2.0000000e+00  -1.0608783e-02  -3.1564575e-01  -1.5293656e+00   2.1725995e-01   6.3952005e-01   8.5829545e-02
   2.0000000e+00   9.7055509e-01  -1.4352138e+00   6.2580073e-01  -1.2467364e+00  -2.0872897e+00   3.0368319e-01
   2.0000000e+00  -2.5619426e-01   1.9625161e+00  -3.4798810e-01   1.3100787e-01   6.4261937e-01  -8.6139322e-01
   2.0000000e+00   2.0166288e+00  -9.5442079e-01   2.5275671e+00   2.1923696e+00  -4.8402900e-01   1.5178125e+00
   2.0000000e+00  -1.4391139e+00   3.3004678e-01  -1.5553201e+00  -1.1323687e+00   5.9122976e-01   1.2715692e+00
   1.0000000e+00   2.2867811e-01   6.6796703e-01   7.9022199e-01  -3.2959094e-01   1.2269454e+00   1.3317183e-01
   2.0000000e+00  -1.3530313e+00  -7.3403922e-02  -2.6358763e-01   4.8363541e-01   4.0803250e-01  -4.5448472e-01
   2.0000000e+00  -9.8011734e-01   7.2479775e-01  -4.5148294e-02   2.8843059e-01   1.2118329e+00  -1.7740824e+00
   2.0000000e+00   3.6122630e-01   6.8721413e-01   4.5597312e-01   1.1871270e-01  -1.7117142e-01  -2.0597918e-02
   2.0000000e+00   6.7710557e-01  -3.2466902e-01  -3.2612047e-01   3.2742445e-01  -2.2027076e-01  -6.1126953e-01
   2.0000000e+00  -1.1051026e-01  -7.6395055e-01   1.7703656e+00   5.0214357e-01   3.9142914e-01   5.5142177e-01
   2.0000000e+00  -1.3670587e+00  -2.0583567e-01  -8.4229489e-02  -9.7107430e-01   8.0220250e-01   1.1172940e+00
   2.0000000e+00   1.4579179e+00   2.3765320e-02   9.7092444e-01   4.5936468e-01  -4.9399639e-01  -1.5438041e+00
   1.0000000e+00   4.2711953e-01   2.1053710e-02  -3.6700263e-01  -1.0085787e+00  -4.7779845e-02   5.7583412e-01
   2.0000000e+00  -1.0402167e+00  -1.0794594e+00  -7.3267767e-01  -2.5651064e+00  -3.1820796e-01  -2.0343944e+00
   2.0000000e+00   1.2769916e+00  -3.8308093e-01  -1.1690472e+00  -8.6828190e-01  -5.2670900e-01   5.0158458e-01
   2.0000000e+00   5.2241655e-01   3.5411881e-01  -2.8395158e-01   9.2305202e-01  -4.9043229e-02  -4.2742423e-01
   2.0000000e+00   5.5708167e-01   2.1275779e-01   2.6347524e+00  -1.1594799e+00  -2.7071015e-01  -1.3702857e+00
   1.0000000e+00  -1.4674459e-01   1.5402496e+00  -5.4043506e-01   2.5263881e+00  -1.4316175e+00   1.9767003e-01
   1.0000000e+00   1.2440275e+00   1.2020770e+00   9.4394204e-01  -1.0220144e+00  -1.5989069e-01   1.5159140e-01
   1.0000000e+00   9.2745385e-01   4.0771884e-01  -4.3192570e-01  -1.0464916e+00  -1.4651345e+00   1.6316997e-01
   2.0000000e+00   4.6905797e-01  -1.1409844e+00  -1.6971073e+00  -5.2015328e-02  -2.9571405e-01  -6.4854333e-01
   1.0000000e+00   1.2776770e-01  -6.8805477e-01  -4.5985803e-01   2.0262936e+00   1.6489973e-01   5.0411262e-01
   2.0000000e+00   6.8228279e-01   1.0595431e+00  -1.4712188e+00  -8.1356118e-01   3.3296030e-01   3.3451949e-02
   2.0000000e+00   2.2928219e+00   1.2143396e+00  -1.7953341e+00   5.8083543e-01  -6.2862723e-01   6.6431612e-02
   2.0000000e+00  -9.2552373e-01  -4.8716581e-01   1.7619995e+00   3.0652609e+00  -1.3092062e+00  -1.1427803e+00
   2.0000000e+00  -6.0913132e-01  -2.1131935e-01  -1.3559959e+00   1.4000745e-01   9.0726539e-01   1.5007988e+00
   2.0000000e+00   5.6267153e-01  -1.8543766e-01   1.4211995e+00   7.4990195e-01  -1.0415129e+00  -9.7833030e-02
   2.0000000e+00   2.3035282e-01   1.2955913e+00   1.0620782e+00  -1.3102673e-01   1.7387354e-01  -2.3214419e-01
   2.0000000e+00  -2.3495655e-01   1.3058815e+00   1.4338927e-01  -5.3996776e-02   1.3022107e+00   1.1457942e+00
   1.0000000e+00   1.1239780e+00   2.2504411e-01   2.2832445e-01  -9.4766969e-01  -6.9704607e-01   2.2473064e-01
   2.0000000e+00   1.6484884e-01   4.2576777e-01   2.9643532e-01  -1.2005894e+00   1.0569183e+00  -4.7889909e-01
   2.0000000e+00  -6.6288578e-01  -2.4135460e-01  -2.5430798e-01  -6.8238837e-01   6.0158446e-01  -1.3375259e+00
   2.0000000e+00   4.5884231e-02  -1.8136491e-01   7.7637819e-01   5.1461543e-01   3.1130059e-01  -3.6974851e-01
   1.0000000e+00   9.7784200e-01   4.8005928e-02  -2.7512399e-01   1.3116606e+00  -7.2911247e-01   2.8721802e-01
   2.0000000e+00   1.8889514e+00  -7.5441692e-01  -6.6850467e-01   1.0999674e+00   2.1066077e+00   4.4124509e-01
   2.0000000e+00  -1.4870110e-01  -9.3354072e-02   2.5200628e-01  -2.0698478e+00   9.3569038e-01  -7.7367590e-01
   2.0000000e+00   1.5843077e+00   6.2063776e-02   1.2579463e+00  -1.7943057e+00   1.6821659e+00  -2.2776196e-01
   2.0000000e+00   1.2310002e-01   8.4830123e-02   6.2846698e-01  -4.9021814e-01   3.6114631e-01  -2.2052279e-01
   2.0000000e+00  -1.6812234e+00   3.8707837e-01   1.6523935e-01  -2.8999086e-01  -1.1195876e+00  -9.9067571e-01
   2.0000000e+00   5.7137179e-01   9.9883277e-02  -5.1839990e-02  -1.8066983e+00   9.3328609e-01  -2.1248750e+00
   2.0000000e+00   8.0867916e-01   4.5321853e-01   6.1167982e-01  -7.1372222e-01   8.2441131e-02  -2.1412515e-01
   2.0000000e+00   1.2979813e+00  -6.2873622e-01  -5.8729707e-01   1.0249854e+00  -4.3164909e-01  -3.8229188e-01
   2.0000000e+00  -2.8494594e-01  -2.7486701e-02  -1.2417152e+00  -1.9903517e-01   1.8645315e-01   9.0134774e-01
   2.0000000e+00   8.8260672e-01   1.0877758e+00   6.3151122e-01  -1.7328533e+00  -1.1598955e+00  -3.9694853e-01
   2.0000000e+00  -8.8964599e-01   1.6668958e+00  -3.5151671e-01   1.7498050e+00  -1.2398379e+00   1.1446115e+00
   2.0000000e+00   8.7404446e-01  -5.9665883e-01   8.6398184e-01  -3.7663688e-01   4.2575800e-01  -4.9109194e-01
   1.0000000e+00  -6.2028686e-02  -1.3949784e+00  -3.7054826e-01  -1.5555996e+00   1.8880937e+00   3.3890459e-01
   2.0000000e+00   1.5907713e+00   5.2358514e-02   1.0730300e+00  -1.1363213e+00   1.5599050e+00  -1.0596170e-01
   1.0000000e+00   1.7628525e+00  -5.1956309e-01   3.1982182e-01  -3.7661028e-01  -2.3872877e-01   3.8907871e-01
   2.0000000e+00  -5.4415613e-01   1.4290532e+00   5.6636999e-01  -1.1832513e+00   5.9820313e-01   2.4067669e+00
   2.0000000e+00   4.6412086e-01   1.2339581e-01   7.4042127e-01  -3.3597380e-01   4.5460065e-01  -2.9168431e-01
   2.0000000e+00  -5.2774990e-02  -5.6061393e-01   1.1444062e+00  -9.9209960e-01  -2.5309038e-01   1.9559505e+00
   2.0000000e+00  -1.1092753e+00  -4.4623291e-02  -1.1650259e+00   3.4299463e-01   4.4761339e-01   8.3239107e-01
   2.0000000e+00  -2.2408922e-01   9.3524969e-01   2.3154089e+00   2.6618108e-01  -1.1917885e+00   1.0282744e+00
   2.0000000e+00   7.3284931e-01   1.8172414e+00  -5.8344582e-01  -5.5161315e-01  -5.6127865e-01  -1.2363988e+00
   2.0000000e+00  -1.5339752e+00  -3.6123900e-01   1.9983586e+00  -1.6685234e+00   4.2189855e-01  -9.9072303e-01
   2.0000000e+00   1.4559990e+00   5.5326917e-01   5.0934908e-01   1.0077475e+00  -1.6748389e-01  -3.2116786e-01
   2.0000000e+00  -3.2038324e-01  -2.3892772e-01  -2.1380672e+00   2.0179435e-01   7.2834438e-01   1.6143879e-01
   2.0000000e+00   9.2501447e-01   5.1360414e-01   2.5508963e-02   3.0953293e-01  -3.0754856e-01  -1.9350752e+00
   2.0000000e+00  -1.8340110e-01   1.6451375e+00  -5.7818961e-01   3.4944038e-01   7.2419660e-01  -1.2475299e+00
   2.0000000e+00  -1.3878586e+00   1.4966265e+00  -6.3034233e-01   6.7750379e-01  -1.5742942e-01  -5.3057017e-01
   2.0000000e+00  -2.5749928e-01   1.4197129e+00   1.4143840e+00   1.5721220e+00  -2.9805630e-01   6.6654313e-01
   2.0000000e+00  -1.2907576e+00  -1.7445254e-01   9.2490806e-01   1.5200648e+00  -1.4202481e+00  -2.5477745e-01
   2.0000000e+00   4.6359126e-01   6.9897007e-01  -1.6941756e-02   1.8092693e+00  -1.6092145e-01  -5.2162637e-02
   2.0000000e+00   2.6662206e-02  -2.2821522e-01  -5.0722208e-01  -1.0773162e+00   6.1891856e-01   9.2215110e-01
   2.0000000e+00   1.6733830e+00   6.4108727e-01   7.1530862e-01   3.8475893e-01   1.0790030e+00  -2.0443886e-01
   2.0000000e+00  -1.8438556e+00   3.1431260e-01   3.7277999e-01  -3.4066434e-01   4.9625528e-01  -5.9257317e-01
   2.0000000e+00  -1.2887959e+00  -6.1561875e-02   1.0616280e-01   5.3891499e-01   4.9492120e-01   1.0694540e+00
   2.0000000e+00   3.3425360e-01   9.8141493e-01   9.4168485e-01   1.0885415e+00   1.2196825e-01  -1.1714124e+00
   2.0000000e+00   2.6103470e-01  -7.0355135e-01   2.0053923e+00  -1.6988318e+00   1.4900347e+00   2.2284793e+00
   2.0000000e+00  -7.3063902e-01   1.1001156e+00   7.4825680e-01   1.7275776e+00   2.2165964e-01  -3.2863247e-02
   1.0000000e+00   5.0156076e-02   3.0323456e-01   4.3371325e-02   7.0622708e-01  -1.5631610e+00   4.9207163e-01
   2.0000000e+00  -6.4311855e-01  -5.6494888e-02  -7.1840318e-01   3.9772201e-02   1.1021886e-01  -1.2433088e+00
   2.0000000e+00  -3.6557956e-02   5.1177499e-01  -1.1783469e-01   4.3888321e-01  -6.2526358e-01  -8.4429250e-01
   1.0000000e+00  -5.5435676e-01  -2.5756664e-01   6.1312361e-01   4.9193519e-01   4.1396963e-01   4.3045214e-01
   1.0000000e+00   4.0324604e-02   4.9188945e-01  -4.4999479e-02  -1.3991372e-01   7.1760192e-01   1.0485294e-01
   2.0000000e+00   1.4976502e+00  -4.5827767e-01   2.1364726e-01   1.3207947e+00   2.0600953e+00  -1.0800828e+00
   2.0000000e+00   1.3932264e+00  -9.0474403e-01  -6.3902667e-01   2.2809131e-01  -5.7151899e-01   1.2130422e+00
   2.0000000e+00   1.0736533e+00   1.0209126e+00  -9.6399887e-01  -1.2128795e-01  -1.0997917e+00  -7.0608254e-01
   2.0000000e+00   7.8066614e-01  -9.4830093e-01  -1.3807263e+00  -1.5915502e+00   1.6664818e+00  -8.0388414e-01
   2.0000000e+00   8.2995403e-01  -1.6227370e-01  -4.9670923e-01   1.1795921e+00  -3.3662909e-01  -7.6238280e-01
   2.0000000e+00   1.0692119e+00   3.3420740e-01   1.4411743e-01  -9.9099547e-01  -1.7275353e+00  -1.3751853e+00
   2.0000000e+00   5.2225725e-01  -4.0061386e-01  -3.9574064e-01  -5.6375399e-01  -2.0420364e+00  -1.0783563e+00
   2.0000000e+00  -2.8662812e-02  -1.5742075e-01  -1.3284161e+00   3.2579660e+00   1.1355973e+00  -3.2024201e-01
   2.0000000e+00   2.6101781e-01  -1.3414695e+00  -7.0250086e-03   6.4925122e-01   1.2561912e+00  -5.5696910e-01
   2.0000000e+00   1.0184311e+00   6.9782872e-01   1.1561337e+00   3.9316572e-01   1.5909136e+00  -2.9590070e-01
   2.0000000e+00  -9.9987853e-02  -7.7253958e-01   2.8548719e-01   9.0875523e-01   3.1314903e-02   1.2829258e+00
   1.0000000e+00   1.8707471e+00  -5.8752293e-01   7.2083834e-01   4.2900125e-01  -7.9420439e-01   5.3094246e-01
   2.0000000e+00   7.3238596e-01   2.3007283e+00  -1.4735405e+00   9.4686534e-01  -4.5339287e-01   1.3001568e-01
   1.0000000e+00   1.7559715e-01  -9.0069003e-01  -2.0409445e-01  -2.6034289e+00  -1.8138050e-01   3.3847842e-01
   1.0000000e+00   8.9442704e-01   1.4426378e+00   3.9496985e-01   9.1991870e-01   1.1204864e+00   3.2768721e-01
   1.0000000e+00  -1.0176988e+00   9.5823779e-01   6.9213102e-01   1.2453300e+00  -1.9936750e-01   5.3473596e-01
   1.0000000e+00   7.7194383e-01   1.2224088e+00   6.1917653e-01   1.5092523e+00   8.9407510e-01   4.0083078e-01
   2.0000000e+00   6.1803253e-01  -1.0088976e-02   6.5550994e-01  -1.5188994e+00   1.4599839e+00   1.1895969e+00
   2.0000000e+00   1.2278706e+00   1.1759129e+00   3.4371763e-01   4.9645795e-02   2.0542378e-01  -8.7988662e-02
   1.0000000e+00   8.6774630e-01  -6.7332151e-01   9.3916403e-02  -2.4427686e-01  -1.6532576e+00   7.1139660e-01
   2.0000000e+00   6.1498652e-01  -1.1353138e+00  -1.2140835e+00   5.3846399e-02   7.3436419e-01  -9.1149020e-01
   2.0000000e+00  -3.7493877e-01   8.7136453e-01  -8.7642333e-02   1.0749056e+00  -1.4497292e+00  -5.6689183e-03
   2.0000000e+00  -1.4926413e-02   3.0488103e-01  -1.1463203e+00  -1.5131590e+00  -2.3667731e-02  -7.3204502e-01
   1.0000000e+00   6.2500523e-01  -8.5335704e-01   2.5117280e-01   1.2594180e+00   1.1542789e+00   6.5381849e-01
   2.0000000e+00   1.2363942e-01  -3.2720468e-01  -1.0853151e+00  -6.7568595e-01   2.2327576e-01   5.9965547e-01
   2.0000000e+00   4.5488563e-02   2.8702227e+00   2.5657828e+00   6.1049454e-01   1.0065920e+00  -7.7382717e-01
   2.0000000e+00  -3.5933131e-01   9.7586924e-01   8.6600987e-01   1.1254633e-01  -1.2632094e+00   5.4505280e-01
   1.0000000e+00   3.9870864e-01   5.5199821e-01  -4.0092998e-01  -4.5731104e-01  -3.4995461e-01   5.3373085e-01
   2.0000000e+00   3.9262477e-01  -3.1867972e+00  -3.0989273e-01  -3.6709855e-01   8.3736006e-01  -1.1175727e-01
   2.0000000e+00  -8.0327107e-01  -1.2595818e+00  -8.1506465e-02  -6.1484108e-01  -1.9687514e+00  -1.7584542e+00
   2.0000000e+00   2.5345061e+00   5.6735762e-02  -9.4172180e-01   2.2152208e+00   3.1888920e-01  -3.9166191e-01
   1.0000000e+00  -9.4331792e-01   1.3512260e-01   5.1145088e-01  -1.4166529e+00   7.0922083e-01   1.8944583e-01
   2.0000000e+00  -4.4168630e-01  -1.3117673e+00  -1.5772935e+00   1.7313234e-01   3.8588332e-01  -1.9668547e-01
   1.0000000e+00  -4.0237302e-01   5.1034435e-01  -2.2035934e-01  -9.4826904e-01   1.0194755e-01   8.9172876e-02
   2.0000000e+00  -4.8215750e-01   6.2993462e-01  -1.4359335e-01   1.4526556e+00   1.4822654e+00   1.6065532e+00
   2.0000000e+00  -1.1857230e-01  -6.7424229e-01  -8.0761078e-01  -5.4290499e-01   1.1573598e+00  -1.0443037e+00
   2.0000000e+00  -3.2522717e-01  -3.6570153e-01  -6.9301323e-01   7.1447550e-01  -8.9077202e-02  -6.6474495e-01
   2.0000000e+00  -7.9613888e-01  -3.2308768e+00   3.1155488e-01  -9.3192040e-01   1.9827945e-01   1.8591078e+00
   1.0000000e+00  -5.5470379e-02  -8.0089910e-01   3.0109688e-02   1.4131798e-01  -5.1459594e-01   6.4859274e-01
   2.0000000e+00  -1.6476039e+00   1.8330165e+00   8.7658307e-01   8.1653117e-01  -3.3245642e-01  -7.2116336e-01
   2.0000000e+00   1.7960662e-01   9.0372321e-01   1.5815751e-01   1.5953444e-02  -6.8125276e-01   1.3299874e+00
   1.0000000e+00   3.1958650e-01   2.0765885e-01   2.8483091e-01   7.0810254e-01  -2.9511552e-01   4.2305108e-01
   2.0000000e+00   4.0918895e-01  -1.6369468e-01  -3.5955196e-01   1.6045732e+00   1.8777485e-01  -5.6387120e-01
   2.0000000e+00  -6.4443141e-02  -1.5113796e+00  -1.0044756e+00  -2.6496921e-01  -4.5337965e-01   1.2351277e+00
   2.0000000e+00  -8.3332556e-01   1.2435454e+00   4.2443719e-01  -4.7381379e-01  -3.5069263e-01   1.0097821e+00
   2.0000000e+00   5.0639120e-01   1.8299174e-02   2.1012449e+00  -4.5320386e-01   1.2862379e-01  -2.5010563e-01
   2.0000000e+00  -8.7587221e-01   1.9097693e-01   1.0963083e+00  -1.6245562e+00  -4.8355027e-01  -2.1315496e-01
   2.0000000e+00   1.2222094e+00   5.5481436e-01   1.5566565e+00  -4.9545006e-01  -8.5067660e-01   1.4612697e+00
   2.0000000e+00  -1.9810408e+00   2.2220449e-01  -2.0930164e-01   5.2695790e-01  -2.0815727e-01   1.0399595e+00
   2.0000000e+00   2.5960222e-01   1.1658288e+00  -9.2333378e-01  -2.0359983e-01   1.1914471e+00  -1.4556082e+00
   1.0000000e+00  -1.3336781e+00   2.0006789e-01   3.6754091e-01   5.3314255e-01   5.3697852e-01   3.2701394e-01
   2.0000000e+00  -3.9608455e-01   1.4037038e+00   1.1685449e+00  -8.3358424e-01   2.6524864e-01  -6.9468183e-01
   2.0000000e+00  -1.9870900e-01  -9.3288142e-02  -1.6740461e+00   1.5807105e+00  -5.5326229e-01   3.4336938e-01
   2.0000000e+00   3.7234862e-01   5.2403700e-01   2.6359045e-01   8.5366176e-02  -4.3988571e-01  -1.1168401e+00
   2.0000000e+00   1.8931811e-01   4.7835966e-01   5.6078562e-01   1.4809626e-01   1.6499478e+00   9.1489035e-01
   2.0000000e+00  -2.3252945e+00  -1.5810042e+00   5.0094756e-01  -9.5760641e-02   1.7316345e-01  -6.2367231e-01
   2.0000000e+00  -9.7208961e-01   2.7543743e-01  -5.1549632e-01  -1.0052307e+00   3.6491836e-01  -1.0610778e+00
   2.0000000e+00   1.6623716e+00  -6.0251195e-01   1.9164877e-01  -1.7246817e+00  -4.1923171e-01  -7.2238482e-01
   2.0000000e+00  -1.7227561e+00  -2.0146866e+00   3.8938309e-01  -2.2865593e+00  -5.5260631e-01   1.5875949e+00
   2.0000000e+00   3.2881114e-01   8.6305085e-01   1.4809918e+00  -8.7460907e-01   1.1772849e+00  -1.4220071e-01
   2.0000000e+00   2.0486925e+00   2.3607154e-01  -2.6251465e-01  -9.4650609e-01   1.2243268e+00  -4.7133506e-01
   2.0000000e+00  -1.8857078e-01   1.1932333e+00  -2.3627733e+00   8.1164066e-01  -1.5538078e+00  -3.6896261e-03
   2.0000000e+00   9.1062489e-01  -3.6487271e-01   5.7887414e-01   8.3079666e-01  -1.0128469e+00  -3.3617162e-01
   2.0000000e+00  -1.6784797e+00   1.9584103e-01   6.9469694e-02  -5.2959622e-01   3.4334333e-01  -1.9017652e-01
   2.0000000e+00  -2.1396350e-01   5.8441622e-01  -3.0366222e-01  -1.3301124e+00  -1.3223630e+00  -6.5352144e-02
   2.0000000e+00  -1.5636611e+00   2.1343217e-02  -1.4210892e+00  -3.4404909e-01   1.0363924e+00   3.2367727e-01
   2.0000000e+00  -4.6676479e-01   9.1207370e-01   6.5391623e-01   1.1120536e-01   6.4489785e-01  -2.1858164e-01
   2.0000000e+00  -1.4459730e+00  -1.7087093e-01   7.1408027e-01  -4.1232489e-02  -7.9934964e-01  -2.7987139e-01
   2.0000000e+00  -5.1226060e-01   3.4119354e-01   1.3514810e+00  -1.6278790e+00  -2.1260453e+00   1.0086773e+00
   1.0000000e+00   1.1989974e+00   7.6088517e-02  -2.2945155e-01   2.4599526e+00  -6.8777519e-01   7.7749270e-01
   1.0000000e+00   9.6411800e-01  -7.5491974e-01   3.9490272e-01   1.8850094e+00  -1.0575697e+00   3.6693764e-01
   2.0000000e+00   2.1369190e+00   5.8116555e-01  -1.0641807e+00  -1.1650277e+00   8.8092849e-01  -1.0643518e+00
   2.0000000e+00   1.6569941e+00  -1.5383580e+00  -7.8112621e-01   2.4769477e-02  -6.8157513e-01   7.9710323e-01
   2.0000000e+00   1.2601650e+00  -3.5092675e-01   8.1617869e-01   2.3229744e-01   6.5118427e-01   1.2595480e+00
   2.0000000e+00   5.5352796e-01  -5.5070518e-01   3.7805287e-01  -1.4472079e+00  -1.1998060e-01  -1.6350839e+00
   1.0000000e+00   9.8479378e-01  -3.2641358e-01   2.6994934e-01   1.4823353e+00  -1.7052749e-01   2.7689599e-01
   1.0000000e+00   3.4264491e-01  -8.6246949e-01  -1.7324902e-01  -4.3253458e-02  -1.3460291e+00   9.1531967e-01
   2.0000000e+00  -1.7284210e+00   5.8959439e-01  -2.4542982e-01  -3.1110115e-01   1.3706673e+00  -4.3218454e-01
   2.0000000e+00  -3.9992599e-01  -1.3203778e+00   7.6420741e-01   1.7108407e+00   9.5044546e-01  -9.2605464e-01
   2.0000000e+00  -4.5022899e-01  -7.6847552e-01  -1.7505090e+00   1.2695967e+00   5.4076727e-01  -8.6317616e-02
   2.0000000e+00  -7.9050183e-01   4.5640739e-02   2.0686350e+00  -1.5818147e+00  -1.7989308e-01  -1.1763826e+00
   1.0000000e+00  -1.3015105e+00  -6.4094374e-01  -7.3877237e-01  -1.5044612e+00  -1.0548224e+00   4.8779170e-01
   2.0000000e+00   2.1098882e-01  -1.3871917e+00   1.1221671e+00  -4.5049259e-01   5.2216659e-01  -6.0062263e-02
   1.0000000e+00   5.9647210e-01  -1.2749401e+00   8.7501021e-01  -7.1931844e-01   1.1182090e+00   3.0849286e-01
   1.0000000e+00  -9.4821186e-01  -4.3802704e-01   3.5017527e-02  -1.9549027e-01  -4.1256198e-01   8.9034375e-01
   1.0000000e+00  -2.1036973e-01  -3.7311694e-01  -4.0333044e-01   8.0786851e-01  -1.2068852e-01   6.7569772e-01
   2.0000000e+00  -2.2091807e+00  -9.5020479e-01  -5.6334456e-01  -3.3382703e-01   6.8674212e-01  -9.6300451e-02
   2.0000000e+00  -9.4244674e-02  -7.2051955e-01   8.0218080e-01  -2.7716173e-01   2.1009589e+00   3.2927857e-01
   2.0000000e+00   1.4951603e+00   7.8345343e-01   1.6440747e-03  -5.4077602e-01   9.8513384e-01  -8.8351443e-02
   2.0000000e+00  -1.6447665e+00  -3.6103296e-01  -1.5820788e+00  -7.4765088e-02  -4.9670947e-01  -2.5203105e-01
   2.0000000e+00  -1.2707635e+00  -1.1193531e+00  -7.9200028e-01  -5.1927479e-01   7.5858290e-01   6.7139143e-01
   2.0000000e+00   1.1526823e+00  -1.3357199e+00  -1.9940788e+00   1.2081182e-01   1.0813894e+00  -6.1493545e-01
   2.0000000e+00  -6.9774928e-01   1.0855450e-01  -7.2434650e-01   6.2696351e-02  -1.7604730e+00  -7.3529569e-01
   1.0000000e+00   3.8209744e-01  -6.8528561e-01  -4.8336675e-01   1.5474581e+00  -1.2123489e+00   6.6238951e-01
   2.0000000e+00   1.1674225e+00   8.0171550e-01   3.1721226e-01  -7.4253972e-01   2.8372932e-01   2.6186634e+00
   1.0000000e+00  -1.4974284e-01   1.4167505e-01   1.5886364e-03   5.0662218e-01   1.0661738e+00   7.2637536e-01
   2.0000000e+00   1.0672045e-02  -3.6749001e-01   2.0142183e+00  -1.0917014e+00   5.2063007e-02  -1.2602125e-01
   2.0000000e+00  -3.5280809e-01   4.0886925e-01  -1.8349925e+00   1.4162421e+00  -1.2883572e+00   1.3469628e-01
   1.0000000e+00   1.8718380e-01  -3.4914708e-01   4.0665906e-01  -2.5501109e-01  -1.0582870e+00   2.1847332e-01
   2.0000000e+00  -1.8769535e-01   2.7087639e-01  -1.3769731e+00   1.1350596e+00   5.7831096e-01   1.3982855e-01
   2.0000000e+00   1.7718608e+00   1.7864384e-01   6.4954441e-01  -3.4878377e-01   1.3250863e+00  -8.0118582e-01
   2.0000000e+00  -1.0235738e-01  -4.3616538e-02  -7.6366964e-01  -7.0493476e-01  -1.6330273e+00   1.1281775e+00
   2.0000000e+00   1.4216138e+00   1.4350509e+00  -3.0032771e-01   7.7257729e-01  -6.5897233e-01  -2.4467419e-02
   2.0000000e+00  -1.2186012e+00   8.8697365e-02   2.1175551e+00  -1.7236246e+00  -1.1240808e+00  -5.4027921e-02
   2.0000000e+00   1.0171449e+00  -4.0917964e-01  -1.6723182e-01   4.2463878e-01   3.5268227e-01  -7.1348634e-01
   2.0000000e+00   1.4416207e+00  -1.8236373e-01   1.1970769e+00  -1.3175659e+00   1.6236829e+00   1.2098071e+00
   2.0000000e+00  -2.2075645e-01   9.3268130e-01   2.3639007e+00   1.6628589e-01   9.9492636e-01   1.4473481e+00
   2.0000000e+00  -1.3884236e+00  -7.3850684e-01   1.5797919e+00  -6.9805855e-01  -1.1713824e+00  -2.1186714e-01
   2.0000000e+00   9.8800093e-02   1.2141449e+00   4.9396392e-01  -7.7635119e-02   1.0115257e+00   9.8493333e-01
   2.0000000e+00  -1.0621594e+00  -1.1112117e+00   1.7720744e+00  -2.1378199e-01  -9.8122935e-01  -1.1181555e+00
   2.0000000e+00   1.2302348e+00  -8.7901592e-02   4.0202228e-01  -3.8244101e-01   1.5115962e+00   1.6881304e+00
   2.0000000e+00  -7.5910020e-02  -2.2579659e-01  -6.8588130e-01  -1.1231021e-01  -1.2387308e+00  -1.1309365e+00
   2.0000000e+00  -2.1389473e-01  -2.4036508e+00   1.2470460e+00   6.2644744e-01  -1.8531987e+00   1.3660915e+00
   2.0000000e+00  -1.4971732e-01   3.5236453e-01  -1.7186128e-01  -6.1718848e-01  -4.6801854e-01  -3.5083749e-01
   2.0000000e+00   1.6396853e+00   1.0064578e-01  -7.0894476e-01  -1.8522911e+00  -5.5958256e-01   1.5269689e+00
   2.0000000e+00  -1.7962497e+00   3.3308013e-01   1.8525321e+00  -1.4808859e+00   5.8450137e-01  -2.2181005e+00
   2.0000000e+00   5.6419976e-01   9.9463004e-01  -1.6417133e+00  -1.6743428e-02  -4.0573728e-01  -8.8209323e-02
   2.0000000e+00  -6.5243261e-01  -1.0524329e+00   2.5858642e-01  -1.3410858e+00   7.8379263e-02   2.5426264e+00
   2.0000000e+00  -9.8660069e-01   7.1963887e-01  -2.1700705e+00   3.4618652e-01   2.9914921e-01  -6.5715245e-01
   2.0000000e+00  -2.0029373e-01  -9.9384220e-01  -1.0426141e+00  -1.0250463e-01   7.4617980e-01  -2.3560684e-01
   2.0000000e+00   1.8655023e-01   3.5947446e-01  -8.7516890e-01  -9.0692329e-01  -6.4595117e-02   8.7984969e-01
   2.0000000e+00   9.5677152e-01   7.9799468e-01   2.2436803e+00  -6.0923650e-01  -3.6954421e-01  -8.0199132e-02
   2.0000000e+00   5.2731231e-01  -1.4474840e+00   7.3125697e-01   2.7681090e-01  -2.5603984e+00  -1.1752827e+00
   2.0000000e+00  -8.2785350e-01  -5.7616419e-01   3.7422620e-01  -1.7829788e+00   1.2003159e+00   2.3507553e+00
   2.0000000e+00  -1.8901501e+00   1.3747721e+00   1.0189061e+00  -2.4291136e+00  -1.8521357e-01   1.9432455e+00
   2.0000000e+00   7.7156846e-01  -2.4887424e+00   2.5230369e-01   2.9957246e-01   4.2522329e-01  -2.3622458e+00
   2.0000000e+00  -8.9571552e-01  -8.6116410e-01  -1.9361254e+00   1.5775153e-01   4.6061438e-01  -1.5282156e-02
   1.0000000e+00  -4.4990338e-01  -8.4323844e-01   7.3372786e-01   3.9910355e-01   1.0756921e+00   2.9013715e-03
   2.0000000e+00   1.0498018e+00   5.7631051e-01   1.0538270e+00  -2.1501695e-02   1.1959153e+00   3.2152858e-01
   2.0000000e+00   6.8649555e-01  -5.4489138e-01   4.2803572e-01  -1.1197685e-01   8.5398868e-01  -1.1179859e+00
   2.0000000e+00  -3.7694782e-02   1.1575682e+00   1.2544110e+00   3.5419583e-01  -1.1147769e+00  -9.7854417e-02
   2.0000000e+00  -9.3167777e-01  -4.8340550e-01  -6.5296668e-02   8.2267029e-01   1.0301782e+00  -2.0542546e-01
   2.0000000e+00  -1.1622778e+00  -9.7147665e-01   5.2786574e-01  -5.9533618e-01  -1.6546893e+00  -1.6707349e+00
   2.0000000e+00  -2.5280283e-02   3.0984747e-01   3.1846778e-01  -1.2078755e-01   9.7776058e-01  -8.1723641e-01
   2.0000000e+00   7.6456763e-01   2.2956904e-01  -7.4945464e-02   1.4762367e-01  -8.0240759e-01  -1.2294930e+00
   2.0000000e+00  -4.2378403e-01   5.5744766e-01   3.3461242e-02   7.7932836e-01  -3.1121666e-01  -1.7721230e+00
   2.0000000e+00   8.9859852e-01   2.3636857e+00   4.9816229e-01   1.2204411e+00  -6.2780060e-01  -2.2137002e+00
   2.0000000e+00  -4.5128672e-01   4.6245315e-01  -7.7374905e-01   2.3570616e+00   1.6325717e+00  -8.5445178e-01
   1.0000000e+00   4.6208883e-01  -1.0531450e+00  -1.5461132e-01   1.2246415e+00  -7.5551548e-01   9.5266289e-01
   1.0000000e+00   5.7677983e-01   9.5833652e-01   6.3860434e-01   7.0008765e-01   1.0987263e+00   1.7356017e-01
   2.0000000e+00   1.2870189e-01  -3.2059225e-01   2.9468970e-01   1.7116242e+00   5.7847274e-01   9.6985158e-01
   1.0000000e+00   1.7915904e-02  -1.4397421e+00   5.2180622e-01   3.3907180e-01  -1.4485258e+00   1.7598199e-01
   2.0000000e+00  -1.5581035e+00  -1.3068025e+00   7.2021762e-01  -2.0015244e-01   9.6929527e-01   2.0075716e+00
   2.0000000e+00  -7.4265287e-02   2.6072417e-01   8.4228171e-01   2.4014965e-01  -3.5570572e-01  -7.7958718e-01
   2.0000000e+00  -4.6690725e-01   2.9457292e-01   8.9045573e-01  -5.1402288e-02   6.0189325e-02   4.5693816e-01
   2.0000000e+00   1.4859738e-02  -1.3919266e+00  -1.4861934e-01   4.5314609e-01  -8.0411476e-01   2.5119719e+00
   2.0000000e+00   6.5221685e-01   1.6436861e+00   1.5198335e+00   1.2154759e+00   4.3164058e-01   3.7893143e-01
   2.0000000e+00   5.6497925e-02  -1.0492530e+00  -1.3581621e+00   3.4869831e-01  -1.2980407e+00   5.2177615e-01
   2.0000000e+00   5.5816632e-01   2.5649867e+00  -4.2401057e-01  -1.0797919e+00   3.6176486e-02   2.3249744e+00
   2.0000000e+00  -1.4703298e+00   1.9693913e+00   4.1394515e-01  -6.1115936e-01  -5.8729480e-01   1.6537574e+00
   1.0000000e+00  -2.7712415e-01   1.5199525e+00  -2.9963622e-01   4.1645603e-01  -3.7205136e-01   6.0865152e-01
   1.0000000e+00  -2.3617918e+00   1.0418933e+00  -6.9942935e-01  -7.1414056e-01   6.4690205e-01   1.2755468e-01
   2.0000000e+00   1.5409590e+00   5.9569914e-01  -6.9269708e-01   7.0670382e-02  -5.1233918e-01  -6.6125380e-01
   2.0000000e+00   5.6289642e-01   8.0510393e-01  -1.9878774e+00  -5.2469132e-02  -1.0893979e+00  -1.6954550e+00
   2.0000000e+00   5.7739983e-01  -1.6045772e-01   6.4523616e-01  -1.9553586e-01   2.0585309e+00  -9.8504239e-01
   2.0000000e+00   6.6216698e-01   8.2377524e-01  -9.3932412e-02  -1.9571055e-01  -4.2612517e-02   1.1812568e+00
   2.0000000e+00   2.8723897e-01  -1.6151046e+00   6.7253150e-01  -1.6643582e-01   8.7024755e-01  -9.5697314e-01
   2.0000000e+00  -4.1094311e-01   5.8615383e-02  -5.0792920e-01   2.4190389e-01   1.6975404e+00   1.5268266e+00
   2.0000000e+00  -4.7011595e-01   3.6767853e-01  -2.8238120e+00   1.7052009e+00   3.3747902e-01  -5.0944729e-01
   2.0000000e+00  -2.5462944e-03  -1.5310337e+00   1.1255509e+00   1.0590637e+00   7.7526422e-01   7.8249230e-03
   2.0000000e+00  -8.6473825e-01  -2.8377482e-01  -1.2128000e+00  -7.8772697e-01   1.0870605e+00  -4.3457251e-01
   2.0000000e+00  -5.1727466e-01  -7.7591346e-02   1.3144067e+00  -2.8990665e-01  -5.6566616e-01   1.6413292e+00
   2.0000000e+00  -2.7496820e-01  -5.2043122e-01  -5.9851631e-01   1.2734504e-01  -1.3349590e-01  -4.8792425e-01
   2.0000000e+00  -7.1091045e-01  -4.8933680e-01   5.9775052e-01   4.2035499e-01  -7.3980863e-01   2.4150912e+00
   2.0000000e+00  -9.8227342e-02   2.0791911e-01  -5.4114304e-01   6.3101776e-01  -3.2911407e-01  -9.6078801e-01
   2.0000000e+00  -7.2201361e-01  -7.9765695e-01  -1.0807846e+00  -4.1067231e-02   1.5506755e+00   5.1447863e-01
   1.0000000e+00   1.0996015e+00   2.7215417e+00   8.3507896e-01  -2.1068395e+00  -5.3620475e-01   4.3815656e-03
   2.0000000e+00  -1.4487408e+00   1.5037655e+00   7.6894896e-01   3.2521897e-01   1.1481938e+00  -1.0897456e+00
   2.0000000e+00   1.5858149e+00   1.1375926e-02   1.0078349e+00  -1.0698433e-01  -8.2272771e-01  -6.2573743e-01
   1.0000000e+00   1.4840544e+00   7.5116483e-01  -4.2883570e-01   1.9869254e-01  -3.7759415e-01   5.0852708e-01
   2.0000000e+00   1.3129228e+00   1.8475311e+00  -1.6094572e+00  -3.7810516e-01  -1.3540188e-01   2.3263171e-01
   2.0000000e+00   5.6354549e-02   6.8197286e-02  -3.7923279e-01   8.8081223e-01  -1.0726985e+00  -2.0429739e-01
   1.0000000e+00  -1.0050250e+00   3.3346714e-04  -2.3639073e-01  -7.1485506e-01  -5.5496509e-01   5.0862277e-01
   2.0000000e+00  -5.5730108e-01  -7.5130927e-01   3.3764048e-01   1.5477715e+00   2.0002251e-01   2.0451338e+00
   2.0000000e+00   2.4870211e-01   6.5510561e-01   1.4791530e+00  -4.0250714e-01  -9.5233788e-01   8.7964539e-01
   2.0000000e+00   9.0768862e-01  -1.1843650e+00   2.0367626e-01   9.3946119e-01  -1.0884546e+00  -9.5484659e-01
   2.0000000e+00   1.8325678e+00   6.8819903e-02   2.3346547e-02  -1.0766948e+00  -1.4661756e+00  -1.6803263e+00
   2.0000000e+00  -9.4442371e-01   4.1561177e-01   3.9925580e-01   1.3025704e-01  -8.7057846e-01  -5.7850872e-01
   1.0000000e+00   6.1074720e-01   2.9623801e-02  -3.0490716e-01   5.3757250e-02  -4.8758203e-01   4.2923011e-01
   2.0000000e+00  -4.6339429e-01  -1.6223176e-01  -7.3083943e-01  -1.1568127e+00  -2.1615501e+00  -2.0714772e+00
   2.0000000e+00  -1.0422271e+00  -7.9668586e-01  -9.2865249e-01   9.4900749e-01  -4.8668081e-01   1.8772150e+00
   2.0000000e+00  -8.9884434e-01   6.5757713e-01   6.1128400e-01  -1.1886120e+00   1.7259743e-01   8.0136507e-01
   2.0000000e+00  -1.5252298e+00   9.2952941e-01  -6.6116417e-01   1.8100170e-01   5.5277704e-01  -3.8718280e-01
   2.0000000e+00   1.6025092e+00  -3.8025905e-01   2.6448631e-01  -2.8458100e+00   1.0584585e+00  -3.4823430e-01
   2.0000000e+00  -9.2304537e-01   6.0141424e-02  -9.6489153e-01   1.5553466e+00   1.3453918e+00   8.9385775e-01
   2.0000000e+00   4.6600568e-01  -1.1999981e+00   2.1771238e+00  -1.6310528e+00  -1.3896049e+00   1.2551761e+00
   2.0000000e+00  -2.2468214e-01  -1.5758284e+00  -1.6823707e-01  -1.7322166e+00  -2.9543234e-01  -4.3793156e-01
   2.0000000e+00  -6.0998198e-01  -2.1198855e+00   6.1258223e-01  -5.5400077e-02   3.3622331e-01  -1.4711068e+00
   2.0000000e+00   2.0651852e+00   1.3714867e+00  -6.4477450e-01  -9.7761049e-01  -3.0139376e-01  -3.3246578e-01
   2.0000000e+00  -1.4258469e+00   1.8984219e+00  -2.7317322e-01  -1.0866263e+00   1.2632401e+00  -5.2813729e-01
   1.0000000e+00   3.7302487e-03   2.2015095e+00   6.9566335e-02  -2.7647801e+00  -3.8184933e-01   9.3559008e-01
   1.0000000e+00   4.9202721e-01   2.2800981e-01  -5.7768233e-01  -1.6220903e+00  -3.2934481e-02   5.9704779e-01
   1.0000000e+00   5.3075822e-01  -2.9885603e-01   6.8472019e-01   1.2606428e+00  -8.8878638e-01   4.4498675e-01
   1.0000000e+00  -1.0266394e-01  -5.6502175e-01  -1.3734104e-01   1.2310823e+00   1.0353453e+00   3.4364529e-01
   2.0000000e+00   4.0161342e-02  -4.9575934e-01   1.0405980e+00   4.4639483e-01  -1.5572897e-01  -1.7050036e-01
   2.0000000e+00   2.7762165e-01   1.3061690e+00  -1.4474531e+00  -8.8562215e-01  -1.7414223e+00   2.8165130e-01
   2.0000000e+00  -2.1084590e+00   1.3831593e+00   1.4720153e+00   2.8911496e-01   5.9169359e-01  -1.2197126e-01
   2.0000000e+00   1.8891398e-01  -6.6141598e-01  -1.5197148e+00   4.3385074e-01  -3.7270260e-01   1.1931849e+00
   2.0000000e+00  -1.7254715e+00   7.2221376e-01  -8.1300407e-01   7.1892297e-01  -6.6950553e-01  -3.9541504e-01
   2.0000000e+00   5.3673180e-01  -8.0473358e-01   1.2693905e+00  -5.0129086e-01  -4.4179260e-01   1.7051370e+00
   2.0000000e+00   1.3904904e+00  -2.1365949e+00  -1.3422392e-01   1.4070062e+00   3.1390816e-01  -1.3848197e+00
   2.0000000e+00   9.3931132e-01  -1.5161004e+00   4.8944228e-01  -1.1337160e-01  -1.8464325e+00  -5.6933804e-01
   1.0000000e+00  -7.8763170e-02   2.9362708e-01  -5.6474270e-01  -4.5507726e-02  -2.0154140e-01   3.9748626e-01
   2.0000000e+00  -5.5431494e-01   1.5437734e+00   4.3598301e-01   1.4914574e+00   1.0819904e+00   1.3120258e+00
   2.0000000e+00   1.2297401e-01   8.2107139e-01  -7.2466803e-01  -6.0365513e-01   4.6301298e-01   1.3438363e+00
   2.0000000e+00  -1.4032964e+00   1.8009424e-01  -7.0013896e-01  -1.6240345e+00   1.4812215e-01  -6.5397894e-01
   2.0000000e+00  -1.1840865e+00   3.0340859e-01   1.9101842e+00   4.1039035e-01   1.1280437e+00  -8.1271995e-01
   2.0000000e+00   1.3102435e+00   1.5440005e-01   8.8478921e-01   2.1009882e-01   2.1694089e+00  -1.9433648e+00
   2.0000000e+00   2.3860218e-01  -8.0136661e-01   1.2567098e+00  -4.7428584e-02   5.3480023e-01  -2.0645873e-01
   1.0000000e+00  -1.5972623e+00   7.6378210e-01   3.0055870e-01   1.4035626e-01   1.6197931e+00   6.7163923e-01
   2.0000000e+00   7.2591693e-01   2.9403755e-01  -6.8050430e-01  -2.2391860e-01  -9.3928154e-01  -3.1098855e-01
   2.0000000e+00  -4.2046540e-01   2.4709828e-01  -2.2829148e-01  -3.7552799e-01  -9.0847809e-01   1.0594337e+00
   2.0000000e+00   3.8917040e-01   6.4030985e-01   9.2218271e-01  -1.7511097e+00   3.1297896e-01  -5.4711555e-01
   2.0000000e+00   1.5018043e+00   5.0404395e-01   1.5765416e+00  -4.9887958e-03  -1.5198978e+00  -7.4720081e-02
   2.0000000e+00  -8.7891454e-01   4.0680357e-01   1.1693314e+00   1.4930485e-01  -4.9787349e-01  -1.1404732e+00
   2.0000000e+00  -2.4135301e+00  -1.8370199e+00   1.0900477e+00  -1.9445326e+00   2.3654608e-01   4.0031331e-01
   2.0000000e+00  -1.4641875e+00   1.2726909e+00   6.8388730e-01  -1.5147327e+00   3.7892971e-01  -4.2134708e-01
   2.0000000e+00  -2.0019858e-01   1.4272841e+00  -2.4688377e-01   5.6113336e-01   6.3434078e-01   1.0378148e+00
   2.0000000e+00  -3.2686024e+00  -1.7338173e+00  -1.5555259e+00  -1.9236775e-01  -9.7098766e-04  -9.3935296e-01
   2.0000000e+00   4.8620519e-03  -9.2855265e-01   1.2790731e+00  -1.3810401e+00   4.1112055e-02   2.3422773e-01
   1.0000000e+00  -5.7185486e-01  -1.7661348e-01   2.5205918e-01   4.0140117e-01  -1.1500452e+00   7.7266634e-01
   2.0000000e+00  -4.6610813e-01   5.9252488e-02  -8.1582275e-01  -1.8491563e-01   1.4119059e-01  -2.0753035e+00
   2.0000000e+00  -3.1137193e+00   8.1214483e-01   5.8427791e-02  -6.0724256e-01  -1.8399789e+00  -2.2863147e-01
   2.0000000e+00   4.4287806e-01  -1.8634619e+00   1.1862901e+00   4.0634046e-01  -1.8223740e+00  -7.3934912e-01
   2.0000000e+00  -2.6073099e-01   9.1186636e-01   1.5486119e+00  -1.7264984e-01  -2.1456895e-02  -5.7253940e-01
   1.0000000e+00   2.5319903e-01   1.1421770e-01  -5.8671067e-01   5.6457644e-01  -8.1460298e-01   4.5927893e-01
   2.0000000e+00  -6.3230718e-01   1.1897786e+00  -8.1929336e-01   6.1917210e-02   1.0348158e+00   1.1079749e+00
   2.0000000e+00  -1.1356988e+00   1.6155417e+00  -6.7857992e-01   1.7507187e-01   3.9616827e-01  -6.4097723e-01
   2.0000000e+00   3.8863669e-01  -5.5210553e-01   1.8546117e+00   5.7310698e-01  -7.1412567e-01   1.8732996e+00
   1.0000000e+00   2.1279687e+00  -9.7520625e-01   6.6421965e-02  -3.4813703e-01   7.8124675e-01   3.1988523e-01
   2.0000000e+00   4.7089692e-02   4.4952483e-01   7.6298553e-01  -7.6259163e-01  -9.2662096e-01   6.8722874e-01
   2.0000000e+00  -3.6163852e-01  -5.3975368e-01  -1.2579044e+00   1.1379772e+00  -2.6948868e-02   6.9548597e-01
   2.0000000e+00  -4.2494279e-01  -3.6733150e-02   5.6793444e-01   3.2722766e-01   2.1463181e+00   1.5041682e+00
   1.0000000e+00  -1.6129453e+00   2.2069024e+00   3.9702338e-01  -5.5824800e-01  -7.8266820e-01   2.1449756e-01
   1.0000000e+00  -2.1542079e-01  -6.7072189e-01  -7.1621416e-01   1.6866942e+00  -2.4724395e-01   2.3627208e-01
   2.0000000e+00   3.8561655e-01  -5.0122539e-01  -4.1642460e-01  -2.2918789e-01  -8.4040277e-01  -1.1434811e+00
   2.0000000e+00   1.8179624e+00   8.7758931e-01  -5.9989767e-01  -1.6045846e+00  -1.2784230e+00  -7.4754249e-01
   2.0000000e+00  -7.3615158e-01  -3.5868332e-01   1.1247622e+00  -1.6109812e-01  -1.6435779e+00  -3.0837818e-01
   2.0000000e+00   1.0655946e+00   5.2767692e-01   7.7213271e-01  -1.4076413e+00  -1.4523778e-01  -9.2917238e-01
   2.0000000e+00   2.2688994e-01   1.3206454e-01  -1.3180882e+00  -2.7836432e-01  -1.1574935e+00  -4.7182861e-01
   1.0000000e+00  -6.9187071e-01  -1.0582314e+00   2.0000544e-01  -7.2245834e-01   4.1989266e-01   1.1625281e-01
   2.0000000e+00   5.1453415e-01   4.2750972e-01   1.1775866e-01  -8.7675941e-01   1.0374561e+00   1.2885101e+00
   2.0000000e+00   5.6149136e-01   1.4742742e+00   1.0383205e+00   8.0988426e-01  -1.3798886e+00  -9.8838151e-01
   2.0000000e+00   1.2724033e+00  -1.1670095e+00  -6.6588985e-01  -1.0446604e+00   8.0965935e-01  -2.2879828e+00
   1.0000000e+00   1.3195110e+00   9.4176812e-01   8.5220891e-01  -1.7912428e+00   6.2996217e-01   1.6224329e-01
   1.0000000e+00   5.1962644e-01   3.2074036e-01  -7.8098330e-01  -6.6271030e-01  -9.1874973e-01   2.9616998e-01
   2.0000000e+00  -1.2886427e+00  -1.8115671e+00   1.3739093e+00  -1.5118051e+00  -1.8670842e+00  -1.4643359e-01
   2.0000000e+00  -1.6062299e-01  -5.7986896e-01   1.2845361e-01   8.4658130e-01   5.3269326e-01  -1.0276135e+00
   2.0000000e+00  -4.9350175e-02  -2.3805682e-01  -1.7868043e+00  -1.9768036e-01   5.0842368e-01   3.0756087e-01
   2.0000000e+00  -2.0290221e-01  -3.0387744e-01  -5.3581381e-01   1.4558838e+00  -1.1384453e+00   1.6932498e+00
   2.0000000e+00   1.0169878e+00   2.4365041e-01   3.1708459e+00  -2.5983769e-02   1.6994370e+00   9.9266863e-01
   2.0000000e+00  -1.0049572e+00  -8.0332131e-01   5.5167190e-01  -4.7892896e-01   1.3180406e+00  -5.5187868e-01
   2.0000000e+00   1.0082551e+00   1.0013575e-01   1.1371856e+00   6.7620088e-02  -4.1860046e-01  -1.0194848e+00
   2.0000000e+00  -1.0163532e+00   1.5553672e-02   1.4793785e+00  -1.7078958e+00  -1.2343344e+00  -4.6291641e-01
   1.0000000e+00  -1.5786776e+00  -1.0736243e+00  -1.9565746e-01  -9.5183882e-02   9.3836097e-01   1.8051139e-01
   2.0000000e+00   9.3132555e-01   1.3636869e+00   4.2095332e-01   5.6348080e-01  -7.0374552e-01   1.3658819e+00
   2.0000000e+00  -4.5358229e-01  -5.3315080e-01   3.4180939e-01   4.9010057e-01  -3.9741202e-01  -3.3980275e-01
   2.0000000e+00  -2.7521832e+00  -3.2739985e-01  -1.5480408e+00   1.4513775e+00  -5.8369190e-01  -1.8815567e+00
   2.0000000e+00  -4.2062890e-01  -1.0620793e-01   2.0922499e-01  -1.5182732e+00  -2.5674691e-01  -1.1618194e+00
   2.0000000e+00   2.3792325e-01   1.0265208e+00   2.5102115e-01   1.2513963e+00   7.6648405e-01  -2.2871363e-01
   2.0000000e+00   8.2901198e-01   1.2987048e-01  -6.4853435e-01  -3.4257911e-01  -7.8369568e-02   1.3098372e+00
   1.0000000e+00   1.7277318e+00  -5.5347830e-01  -3.6205932e-01   1.0721847e+00  -8.9719105e-01   2.4823152e-01
   2.0000000e+00   7.1470905e-02  -9.8385151e-02  -2.3641771e-01  -6.0497456e-01   7.9397016e-01  -6.6850736e-01
   1.0000000e+00  -1.5930334e-01  -3.0121732e-01  -1.7981119e-01  -6.1011028e-01  -1.0293622e+00   4.5179324e-01
   2.0000000e+00   1.3323395e+00   2.6773512e-02  -6.1889779e-01  -1.3009324e+00  -7.5831887e-01   1.6569824e+00
   2.0000000e+00   8.4608612e-01  -1.3380459e+00  -1.3406128e+00   1.6723297e-01  -1.6524738e+00   1.2940067e+00
   2.0000000e+00   4.1840629e-02   3.3267256e-01   2.9747589e-01   7.2943190e-01  -3.4742389e-01   1.6715639e+00
   2.0000000e+00   7.1477726e-01  -1.9971129e-01  -4.6897519e-02   5.9418119e-01   1.1943772e+00  -9.0691377e-01
   2.0000000e+00   9.4915348e-02   1.5990770e+00  -1.1333178e+00  -2.3427646e-02   7.8108953e-01  -1.7230802e+00
   2.0000000e+00   1.7592365e+00  -2.3776091e-01  -8.2446674e-01  -1.2322563e+00   1.2538920e+00   6.2053993e-01
   2.0000000e+00   8.1309974e-01   3.5001391e-01   2.0618177e-01   9.8941171e-01  -1.3967605e+00   1.7417094e+00
   1.0000000e+00  -5.0318711e-02   7.9798469e-01   1.4689345e-01   8.8987382e-01   4.4037782e-02   8.2214582e-01
   2.0000000e+00   7.7949371e-01  -2.0900231e+00  -4.4047484e-01   5.3858750e-01  -2.2019161e-03  -7.7055881e-02
   2.0000000e+00   7.4728879e-02   3.3442400e+00   5.2514072e-01   3.4395947e-01  -1.0444517e+00  -1.4057613e-01
   2.0000000e+00   1.0804282e+00  -7.7764606e-01   1.6469829e+00   1.6209354e-01   1.2370780e+00   1.1957614e-01
   2.0000000e+00  -5.2932914e-01  -1.7232916e-01  -2.3455077e+00  -3.3323413e-01   5.9565802e-02   1.6335283e+00
   2.0000000e+00  -1.5702633e+00   7.5392346e-01  -3.2292132e-01   1.8421260e+00  -1.3974452e+00   1.1090865e+00
   2.0000000e+00   8.3458789e-02  -9.0136794e-01  -3.2955644e-01   1.2437444e+00  -3.2089138e-01  -1.7118793e+00
   2.0000000e+00  -1.8595903e-01  -8.9705189e-02  -1.6772892e+00  -4.5251628e-01   8.5886041e-01  -8.7909032e-01
   2.0000000e+00  -4.9131765e-01  -1.4159781e+00  -1.1762346e+00   5.9236946e-01  -1.7524034e-01  -2.5830374e-01
   1.0000000e+00   1.5703081e-01  -1.3760357e+00   4.8372724e-02   7.6465701e-01   1.9368340e-02   8.5278030e-01
   2.0000000e+00  -1.1913252e+00   2.2432704e+00   7.8607984e-02  -1.1272759e+00  -1.3408186e-01   1.0375298e+00
   2.0000000e+00   2.5393827e-01  -9.6421805e-01  -1.1422306e+00  -2.6394477e-01   2.7754972e-01   5.3465029e-01
   2.0000000e+00  -1.9952392e+00   1.4838106e+00  -3.4063285e-02   4.3338438e-01   1.4835570e+00  -9.0100347e-02
   2.0000000e+00   6.2043461e-01  -5.2087656e-01  -2.2035428e+00  -5.2873436e-01   1.1813139e+00  -1.8952435e-01
   1.0000000e+00  -1.3799946e+00  -5.4304995e-01  -8.0939951e-02  -9.9184118e-01   1.4120873e-01   7.3989453e-01
   1.0000000e+00   1.1178847e+00  -4.5719121e-01  -8.1568761e-01   4.4882775e-01  -6.7641425e-01   2.4843068e-01
   2.0000000e+00  -8.9287255e-01   1.6730008e+00  -2.1675973e-01  -1.7391919e+00   5.8305382e-01  -2.1968517e-01
   2.0000000e+00  -2.5047186e+00   1.1814311e+00  -4.1713418e-01   9.6758531e-02  -2.1717585e+00   6.5016840e-01
   2.0000000e+00   3.4369237e-01  -1.6341878e-01   6.8213301e-01   9.1648863e-01   8.6235146e-01  -2.9472111e-01
   2.0000000e+00  -2.5398498e-01   9.1495332e-01   6.0612264e-01  -6.2162724e-01  -8.2024709e-02  -1.7931795e+00
   1.0000000e+00  -2.4101696e-01   2.5140497e+00   4.5185021e-01  -8.8780717e-01   7.7238993e-01   5.9140209e-01
   2.0000000e+00  -1.1362160e+00   1.0777462e-01  -1.2064521e+00   3.8985799e-01  -7.9386371e-03   8.2043570e-01
   2.0000000e+00  -5.9623085e-01   1.0299943e+00  -8.2328414e-01  -3.4772713e-01  -5.6165597e-01  -8.7213687e-01
   2.0000000e+00   1.9946520e+00  -5.2833921e-01   7.6462711e-01   2.3832681e+00  -3.1717706e-02  -5.1524987e-01
   2.0000000e+00  -3.0836058e-01   2.2007850e-01   4.4687432e-01  -5.2312989e-01  -1.7348737e+00  -1.4451688e+00
   2.0000000e+00  -7.3076558e-01  -5.9575345e-02  -5.1618084e-01  -1.1070254e+00  -2.6566162e-02  -4.7276151e-01
   2.0000000e+00   3.2574899e-01   4.2178218e-01   1.9860669e+00   1.9275308e-01  -4.2960954e-01   5.7835053e-02
   2.0000000e+00  -1.0077881e+00  -1.7429831e-01   1.5345410e-01  -1.2312569e-01   4.9663993e-01  -1.3213803e+00
   1.0000000e+00  -1.5375885e+00   5.5389053e-01  -1.4454636e-01   2.3392963e+00   3.6679629e-01   6.5847535e-01
   1.0000000e+00  -9.1999969e-01  -9.1421889e-01  -1.3696621e-01   5.2902674e-01   1.2864126e+00   1.7930599e-01
   2.0000000e+00  -9.3728126e-01   7.6883550e-01  -4.9471576e-01  -1.4008707e+00  -5.7416437e-01   1.3143254e+00
   2.0000000e+00  -1.0547348e+00   1.0495299e-01   8.7175046e-02  -7.5072480e-02   3.4403918e-01  -2.3348954e-01
   1.0000000e+00  -9.7083463e-01   1.6393867e+00  -1.2649103e-01  -1.5824678e+00   5.6435966e-02   4.9636978e-02
   2.0000000e+00  -1.3499110e+00   8.8216856e-01   1.9892331e+00  -1.6319875e+00   1.4099232e-01  -5.1308302e-01
   2.0000000e+00  -1.1511196e+00  -5.0507222e-01   1.6604865e+00   1.9265043e-01   8.1094579e-01  -6.9657805e-02
   1.0000000e+00  -3.3159861e-01   4.8557509e-01  -7.6300250e-02  -1.4487779e+00  -1.6243670e-02   2.8464627e-01
   2.0000000e+00  -1.1639642e+00   1.8107804e+00  -2.8634965e-01   3.0730919e-01  -3.3774830e-02  -2.7231233e-01
   2.0000000e+00   1.8345444e-01   7.9064262e-01  -1.5792362e+00   1.4556229e-01   1.2327228e-01  -1.3313952e+00
   2.0000000e+00  -9.4744029e-02   3.1415298e-01  -1.9247814e+00   3.0160869e-01  -3.4896706e-02  -4.9066079e-01
   2.0000000e+00   5.9685208e-01  -2.0058361e-01  -1.2512226e+00   2.6492216e-01   1.3867738e+00  -1.6128959e+00
   2.0000000e+00  -1.6288567e-01  -7.2727471e-01  -3.1874288e+00  -3.6491914e-01  -5.7293081e-01  -2.2164602e-01
   1.0000000e+00  -1.1538670e+00   2.6931322e-01  -7.2321767e-01  -4.3986107e-01   4.0764593e-01   2.7571345e-01
   1.0000000e+00  -1.4224233e-01  -4.9725301e-01  -5.3166068e-01   1.0735883e+00   5.1661261e-01   8.2676358e-01
   2.0000000e+00   2.1557314e+00  -3.0836646e-02   3.1168419e-01  -1.5807866e+00  -6.3998341e-01  -3.8114926e-01
   2.0000000e+00   3.2395435e-01  -2.6519858e-01  -1.8406921e-01  -7.0518906e-01   3.1975473e-01  -1.7410612e+00
   1.0000000e+00  -1.3357435e-01  -6.2894882e-02   3.3165529e-02  -6.7995467e-01  -1.0420746e+00   9.5758396e-01
   2.0000000e+00   6.6269991e-01  -8.1663450e-01   1.0654691e-01   1.9987301e+00  -1.1938196e+00  -6.9812216e-01
   2.0000000e+00  -7.7907637e-01   9.3243135e-01   1.5396985e+00  -9.4982281e-03   7.1500109e-01  -4.3751226e-01
   2.0000000e+00   1.4495054e+00  -1.0386118e-01  -1.1405029e+00  -2.3698919e+00   1.3391487e+00   1.0584976e-01
   2.0000000e+00   3.6760388e-01  -5.3050447e-01   1.0522430e+00  -4.4800515e-01   2.1393393e-01  -6.9209693e-01
   2.0000000e+00   8.3879589e-01  -1.5618641e+00   7.7843141e-01  -5.2236581e-01   2.3974824e-01   9.2039589e-01
   2.0000000e+00   8.4117725e-01  -7.7227154e-01  -1.3541479e+00   3.4487615e-01  -1.9406034e+00   1.3530076e+00
   2.0000000e+00   3.2022528e-01   6.3422222e-01   9.0045052e-01  -2.0367911e+00  -4.4613584e-01  -6.6503239e-01
   2.0000000e+00  -2.1396309e-01   1.0874073e+00  -2.0838631e+00  -7.4366259e-01   2.0045510e-02   1.3423214e-01
   2.0000000e+00   1.6677566e-01   4.6052516e-02  -1.6706866e+00  -1.7914119e-01  -6.2477002e-01  -1.0517092e+00
   2.0000000e+00  -1.5344163e+00   3.8453198e-01  -9.5560551e-01   1.4713177e+00  -3.9769385e-01   1.3887848e+00
   2.0000000e+00  -9.4915981e-01   3.8027297e-01   8.0659318e-01  -6.0627397e-01  -1.3442839e+00  -6.8194629e-01
   2.0000000e+00   2.3703555e-01   1.0204192e+00   9.0972918e-01   7.2814538e-02  -1.8082283e-01   4.2875559e-01
   2.0000000e+00   1.1123998e-01   1.4548856e-01  -2.6515014e-01  -1.3784716e+00   4.2318432e-02  -1.3697569e+00
   1.0000000e+00   2.5779803e-01   7.6520648e-01  -8.6015175e-02   1.6239070e+00  -1.2498002e+00   5.8379928e-01
   2.0000000e+00  -3.9071407e-01  -1.0946003e+00  -7.0066003e-01  -8.1244061e-01  -7.1190710e-01   1.0076197e+00
   2.0000000e+00  -3.3866455e-01  -3.4216931e-01   1.7171335e+00   3.7655280e-01  -1.1749830e+00  -1.1604161e+00
   2.0000000e+00   1.9595372e+00   7.4251621e-01  -1.7005191e-01  -5.4903533e-01  -4.1201664e-01  -9.7031225e-01
   2.0000000e+00   3.5381331e-01  -2.7898426e-01  -1.1046471e+00   2.3648088e-01   9.4408986e-01  -4.5128781e-01
   1.0000000e+00  -6.0773353e-02   1.3636954e-01  -6.9312950e-01  -6.9583941e-02  -1.4527834e+00   1.2788819e-01
   2.0000000e+00   9.2235626e-01   8.3237024e-01   3.2881160e-01  -1.9509180e-01  -2.4864702e-01  -1.2405997e+00
   2.0000000e+00  -1.2554268e-01  -1.9348878e+00  -1.8733490e-01  -1.5996096e+00   1.7858124e+00  -1.5212170e-01
   1.0000000e+00  -1.4185912e+00  -2.7394273e-01  -2.2991668e-01  -1.0637696e-01   1.0019501e+00   3.1468771e-01
   2.0000000e+00   3.8509162e-01   1.7506556e+00   1.8593660e+00  -4.1801190e-02   1.6868993e+00   7.5770682e-01
   1.0000000e+00  -1.2212327e+00   9.0165476e-02  -4.8909148e-01  -7.0859140e-01  -1.0138056e+00   4.5217562e-01
   2.0000000e+00   1.6155335e-01  -6.1103014e-02  -1.6136089e+00  -1.5036440e+00  -1.5527918e-01  -3.1395953e-01
   2.0000000e+00   1.0765117e+00  -1.1669459e+00   9.2802545e-01   2.0889660e+00  -5.0870984e-01   5.1301264e-01
   2.0000000e+00  -1.1352434e+00   9.8302648e-01   2.5417203e-01  -1.8266832e+00  -1.4814857e+00  -7.8352826e-01
   2.0000000e+00   2.1461655e-01  -6.4320919e-01   8.0385982e-01  -4.5909772e-01  -9.3741855e-01  -8.4501149e-01
   2.0000000e+00   1.7501174e+00   3.0876037e-01   1.2302475e+00  -6.2850371e-01  -3.0453253e-01  -8.7788292e-01
   1.0000000e+00   8.0743829e-01   3.1268894e-01   2.8867352e-01  -2.4597722e-01   1.6133134e+00   7.1896624e-01
   1.0000000e+00  -6.1702595e-01   5.5518720e-01  -5.0124955e-01   2.2447756e+00   1.4901779e+00   3.6689894e-01
   2.0000000e+00   8.9923818e-01  -3.6096317e-01   1.2114223e+00   2.2502402e-01  -5.4841420e-01   1.8106600e+00
   1.0000000e+00  -1.0197219e+00  -4.1801651e-01   5.2198405e-01   3.2555624e-02  -3.1718475e-01   3.1880664e-01
   2.0000000e+00  -4.0408586e-01  -1.6940652e+00   1.1557222e-01  -1.0676451e+00  -8.2201690e-02   1.1152960e+00
   2.0000000e+00  -1.1066065e+00  -4.8966820e-01  -2.0509139e+00  -1.0000585e+00  -8.6943126e-01   1.4829195e+00
   2.0000000e+00   8.9552982e-01  -2.0950118e-01   1.4996077e-01   1.2969906e+00   1.0578052e+00  -1.0676202e+00
   2.0000000e+00   1.1215759e+00   1.9592046e+00   1.6445985e+00   8.2637230e-01   1.7806363e-01  -1.3261325e+00
   1.0000000e+00  -5.8471972e-01  -1.0214318e+00   2.5769878e-01   1.7085350e+00  -1.4966808e+00   3.8943750e-01
   2.0000000e+00  -9.5330688e-01   1.1621248e-01  -1.0960771e+00  -6.2287729e-01  -2.1877899e+00  -2.9539357e-01
   2.0000000e+00   1.4527825e+00  -2.9699286e-01  -8.6902909e-01   5.4870140e-01   6.1486832e-02  -4.2909668e-01
   2.0000000e+00   1.0163167e+00  -5.0856419e-01   1.6234929e+00  -1.0398501e+00  -1.2102291e+00  -1.5519072e-01
   2.0000000e+00  -6.6233571e-01  -1.1052467e+00  -4.8381105e-01  -1.7293941e-01  -8.7469998e-01  -7.4385045e-01
   2.0000000e+00  -1.0775548e+00   7.7974525e-01  -2.5012235e-01   7.9100409e-01  -1.5516153e+00  -2.8067755e+00
   2.0000000e+00  -2.4456934e-01  -1.7954298e+00   1.0694054e+00  -7.3162072e-01  -3.6917512e-01   7.5889733e-01
   2.0000000e+00  -2.9329216e-01  -1.2000425e-01   7.6178904e-01  -1.2120118e+00   1.0141782e+00  -1.1787889e-01
   2.0000000e+00  -1.3936190e-01  -5.7174314e-01   1.4473314e-01   3.7487761e-02   4.4511506e-01  -2.2572299e-01
   2.0000000e+00   5.9801577e-01   9.9408965e-02   4.0921894e-01   6.3648273e-03   5.3459168e-01  -2.5016144e-01
   2.0000000e+00  -5.2657216e-01   1.5454610e+00   8.1476655e-01  -6.6567813e-01   9.6916170e-01   1.1732487e+00
   1.0000000e+00   2.7636817e+00   1.2594645e+00  -7.6405869e-01  -1.3509646e+00  -6.2239278e-01   5.2932235e-01
   2.0000000e+00  -9.3249851e-01   9.2709558e-01  -5.4321527e-01   5.4934070e-01   1.0786251e+00  -1.0523622e+00
   2.0000000e+00  -3.7114028e-03  -4.0629325e-01  -5.7695754e-01  -4.5292497e-01  -4.1644153e-01  -5.4215634e-01
   2.0000000e+00   2.4794610e-01  -2.4426229e-01  -2.0124655e+00  -7.4598669e-01   8.2820002e-01  -6.6804729e-02
   1.0000000e+00  -4.0710945e-01   8.1317934e-02  -5.9275169e-01   3.0513863e+00   2.1959497e-01   4.9880002e-01
   2.0000000e+00  -1.8505803e-01  -3.3468512e-01   1.2803020e+00   1.1128589e-01   1.5669041e+00  -1.9255529e-01
   2.0000000e+00   1.8178193e+00  -9.7283677e-01   2.4981334e-01   1.7286289e-01   7.1749998e-01  -1.2042387e-01
   2.0000000e+00  -3.7816180e-01  -3.9532001e-01   5.6352565e-02   5.8499717e-01   1.5601052e+00   1.9671807e+00
   2.0000000e+00  -3.5457877e-01   1.3913888e+00  -6.6841057e-01   1.2294324e-01  -3.1656334e-01   8.0903025e-01
   2.0000000e+00  -4.9009423e-01  -1.6583587e-01   8.1356037e-01   7.5324364e-01   2.5698671e+00   3.9087218e-01
   2.0000000e+00   1.0826284e+00  -9.0835423e-02  -5.5069664e-01  -2.0538635e-01  -6.4328129e-01   9.2177071e-01
   2.0000000e+00   3.3748132e-01  -2.7435390e-01  -1.4452464e+00  -1.7781185e-02   3.8987750e-01   9.0854000e-01
   2.0000000e+00  -2.0699060e-02   1.9978216e-01  -6.4165152e-01   9.3940167e-01  -1.0652014e+00  -2.5149846e+00
   1.0000000e+00   7.7412395e-01   1.9953420e-01  -4.0573840e-01   9.4682558e-01   1.1786711e+00   8.0387112e-02
   2.0000000e+00  -3.5982777e-01   5.1312439e-01   9.0486601e-02  -6.4239525e-01   4.9488895e-02  -1.2298749e+00
   1.0000000e+00   7.3626930e-01  -1.0556833e+00  -1.6569430e-01  -3.6703387e-01   3.4094990e-01   3.8775263e-01
   1.0000000e+00   4.9539277e-01   6.8654449e-01   2.4937009e-01   3.0495738e-02  -8.4419999e-01   2.0777272e-01
   1.0000000e+00   1.5804147e+00  -6.6675623e-02   8.2499840e-01  -6.3185313e-01   5.1178129e-01   2.3613184e-01
   2.0000000e+00  -1.3880534e-01  -2.1596213e-01  -1.0627612e+00  -5.0851598e-01  -4.0920450e-01  -2.4957806e+00
   2.0000000e+00   6.5413168e-01   5.2719566e-01  -1.7672861e+00   1.9607021e-01   8.0055945e-01   5.4528141e-01
   2.0000000e+00  -1.2168735e-02   2.8519943e+00   1.7093926e+00  -1.0620291e+00   2.8229733e-01  -1.8791587e-01
   1.0000000e+00  -4.4519536e-01   9.0206811e-01  -1.1045559e-01   9.7333327e-01  -4.0231092e-02   2.8087234e-01
   2.0000000e+00   7.8007438e-01   4.0315077e-01   5.3478754e-01   2.6716874e+00   1.9387954e-01   8.8152374e-01
   2.0000000e+00  -2.1876317e+00   1.4751454e+00   1.3976264e+00  -2.5249737e-01   6.2175188e-01  -3.3156380e+00
   2.0000000e+00  -3.3414422e-02  -1.5942543e+00   3.2020162e-01   5.5608067e-01  -1.5746482e-01   1.0688024e+00
   1.0000000e+00  -9.7303270e-02   1.3295016e+00   5.1484925e-01  -3.6893449e-01  -1.3307883e+00   7.7514214e-01
   2.0000000e+00   3.3745740e-01   9.6058979e-01  -1.0205292e+00  -6.7639786e-01  -1.6418034e-01  -6.6117755e-01
   2.0000000e+00   5.3896177e-01  -1.1784589e+00  -1.5357107e+00   1.0139633e+00   1.1145488e+00  -8.6707319e-01
   2.0000000e+00   8.8143996e-01   9.6028362e-01  -1.0385647e+00   1.3968908e+00   2.8261247e-01  -3.4949740e-02
   2.0000000e+00   2.0245205e-02  -8.1395678e-02  -9.8588665e-01   3.8243220e-01   1.2121585e+00   1.3186302e+00
   2.0000000e+00  -5.4818839e-02  -1.3651562e+00   1.4130986e+00   6.1826179e-01   5.5353433e-01  -7.4320318e-02
